,t,L2ErrorStateExState,L2NormStateEx,L2NormState,Absu1exu1,Absu2exu2,Absu3exu3,Absu4exu4,Absu5exu5,Absu6exu6,Absu7exu7,Absu8exu8,Absu9exu9,Absu1,Absu2,Absu3,Absu4,Absu5,Absu6,Absu7,Absu8,Absu9,Absu1ex,Absu2ex,Absu3ex,Absu4ex,Absu5ex,Absu6ex,Absu7ex,Absu8ex,Absu9ex
0,0.01,0.011662849193475074,1.493645155514427,1.5020534438645674,0.8470843163121282,1.5714096312756836,1.6935547238118085,1.7501169034812967,2.8736147465109223,2.860680841731439,1.8699674527608792,2.9715024358783686,1.576401169379546,0.021119795739650726,0.02068459242582321,0.014674792997539043,0.01239891815930605,0.09065629541873932,0.012022260576486588,0.01448451541364193,0.007078962400555611,0.011576077900826931,0.8682041120517789,1.5920942237015068,1.7082295168093475,1.7625158216406027,2.782958451092183,2.8727031023079257,1.8554829373472372,2.978581398278924,1.5648250914787192
1,0.02,0.022079693274880813,1.4903205099315104,1.5065531320036687,0.8247986158575707,1.5989540350413054,1.5620995287820167,1.7557900837632272,2.72937006638845,2.537160381698087,1.7171560744851897,2.680346500944187,1.3694069607590018,0.05082354322075844,0.03031790256500244,0.004867474548518658,0.01298933569341898,0.0290662944316864,0.04736369103193283,0.016201251768507063,0.006310181750450283,0.03264944162219763,0.8756221590783292,1.568636132476303,1.557232054233498,1.7428007480698082,2.7003037719567637,2.58452407273002,1.7009548227166826,2.6866566826946374,1.3367575191368042
2,0.03,0.03145767778521684,1.487521577472606,1.5110843071429034,0.7985902679300275,1.565783313817445,1.377864931981983,1.7627226710004678,2.6692839671385595,2.2538975260033047,1.6066219404276232,2.3634931288484036,1.2056847658212204,0.09187383577227592,0.007770391181111336,0.03953391779214144,0.025590366683900356,0.027583807590417564,0.0685447808355093,0.0494830064708367,0.057068565918598324,0.07190870027989149,0.8904641037023034,1.5580129226363337,1.4173988497741243,1.7371323043165674,2.641700159548142,2.322442306838814,1.5571389339567865,2.420561694767002,1.133776065541329
3,0.04,0.03998553535706009,1.4851605024792722,1.5156544047810447,0.8003158008261849,1.6259800188280542,1.1924642983694935,1.7373199644188044,2.60966679904038,1.983262719051706,1.4822712585282218,2.109025798946771,1.0564804655944746,0.11019592545926571,0.06990963779389858,0.09059836808592081,0.0037411926314234734,0.010143522056750953,0.09260732680559158,0.06404972041491419,0.06058297591516748,0.10694275703281164,0.9105117262854506,1.5560703810341556,1.2830626664554143,1.741061157050228,2.599523276983629,2.0758700458572976,1.4182215381133076,2.1696087748619384,0.949537708561663
4,0.05,0.04776746551615431,1.4831733449207574,1.520231583985718,0.7529039437404695,1.5857970080562096,1.0222999285855183,1.7656454660918974,2.5836384841429023,1.7279531795763923,1.3705365320060783,1.8652737571187035,0.8832388222563512,0.18212339840829372,0.025142034515738487,0.12923417706042528,0.013404457829892635,0.014849712955765426,0.11147106625139713,0.08911315130535513,0.06309537548804656,0.1021341010928154,0.9350273421487633,1.5606549735404711,1.1515341056459436,1.7522410082620048,2.568788771187137,1.8394242458277894,1.2814233807007231,1.92836913260675,0.7811047211635358
5,0.060000000000000005,0.054892547164460334,1.4815072013588513,1.5248003548815425,0.7324539192715286,1.652768567233698,0.8812761675211236,1.780274744297366,2.496293235200002,1.4979657291815236,1.2346256123527404,1.628618172194113,0.7302017711038983,0.2310176808387041,0.08257204852998257,0.14076588209718466,0.011301643215119839,0.04964229662436992,0.11328634433448315,0.0886583624233026,0.06639074656413868,0.10253059203387238,0.9634716001102327,1.5701965187037155,1.0220420496183082,1.7689731010822463,2.5459355318243717,1.6112520735160067,1.1459672499294378,1.6950089187582518,0.6276711790700259
6,0.07,0.061527123333456564,1.4801148685912644,1.5294372530863072,0.7346433979703402,1.6874609175616133,0.7446147855841009,1.7799971248586874,2.551030168002935,1.2368170956333695,1.1001080777759802,1.3701700517806958,0.5865455602541401,0.2607852406799793,0.10397953726351261,0.15040082018822432,0.009952791966497898,0.022745346534065902,0.1548543181270361,0.08777738866047002,0.09973619255470112,0.09701105990097858,0.9954286386503195,1.5834813802981007,0.8950156057723252,1.7899499168251853,2.528284821468869,1.3916714137604056,1.0123306891155102,1.469906244335397,0.4895345003531615
7,0.08,0.0676488682160524,1.478952795206451,1.5340253045228083,0.7486563681245058,1.7249158964955738,0.6231640806378331,1.8115685636899506,2.4450522697262196,1.0156913652537527,0.9736184781455454,1.138542930397009,0.4803067403032988,0.2819130215793848,0.12537408620119095,0.14829878346063197,0.0025617764331400394,0.06872318137902766,0.1663453420624137,0.09201253755600192,0.11595763947116211,0.11304965094313957,1.0305693897038906,1.5995418102943828,0.7714628640984651,1.8141303401230906,2.5137754511052472,1.1820367073161664,0.8816059405895434,1.254500569868171,0.3672570893601592
8,0.09,0.07331389327584821,1.477980538234584,1.5385515154053817,0.7502019619635645,1.7678077501550888,0.4884514045969671,1.8058238008376444,2.386581950913826,0.7575427348182813,0.8476991830070546,0.9041420090458063,0.36191151006288524,0.31842861883342266,0.1502134744077921,0.16409260244108737,0.03484698245301843,0.1142330301227048,0.2264291299507022,0.09264046183670871,0.146370644972194,0.1007499577535782,1.0686305807969871,1.6175942757472968,0.6525440070380545,1.8406707832906628,2.5008149810365308,0.9839718647689835,0.7550587211703459,1.0505126540180003,0.26116155230930704
9,0.09999999999999999,0.07871243554335895,1.4771608395785991,1.5431076436710967,0.7895448880694163,1.7819390220362843,0.3368317875753106,1.8291429186256187,2.420082462346818,0.5011864119824572,0.7336048367038155,0.6790649076929135,0.2649845475672068,0.3198558351723477,0.14493989571928978,0.20249174372293055,0.039737903978675604,0.06809811491984874,0.29774328600615263,0.09973564089159481,0.18042902956949547,0.0938738243712578,1.109400723241764,1.6369991263169945,0.5393235312982412,1.8688808226042943,2.4881805772666667,0.7989296979886098,0.6338691958122207,0.859493937262409,0.17111072319594897
10,0.10999999999999999,0.08379866099305995,1.476459870900797,1.5475735079449342,0.8118711278546114,1.7695435626031542,0.23418261630358567,1.857200722674216,2.317330376114154,0.3235784168415379,0.6130296816601112,0.48510149947904,0.18056827276323456,0.34083852905314416,0.11231321096420288,0.1984714053105563,0.04098964389413595,0.15761245239991695,0.3044093195348978,0.09402236944879405,0.19751366722630337,0.08409041390405037,1.1527096569077555,1.6572303516389513,0.43265402161414196,1.898190366568352,2.474942828514071,0.6279877363764357,0.5190073122113171,0.6826151667053434,0.09647785885918421
11,0.11999999999999998,0.08878873514352273,1.4758474374015669,1.5520834714247003,0.83622290207673,1.817610116766439,0.12225996911434212,1.8813309784088799,2.34553971304788,0.12462635494571955,0.48255763207329894,0.30039074283273803,0.05771687742892952,0.3621973431436345,0.13975918851792812,0.21088382485322654,0.046792104840278625,0.11486261535901576,0.34716721437871456,0.07136305278982036,0.22021643008338287,0.021495404100278392,1.1984202452203645,1.6778509282485108,0.33314379396756866,1.9281230832491585,2.4604023284068957,0.4717935693244341,0.4111945792834786,0.5206071729161209,0.036221473328651124
12,0.12999999999999998,0.09359799433087021,1.4752970658040112,1.5565033054922324,0.8582776299832149,1.8126551004572982,0.025533147058228706,1.8870018462470581,2.242700908144503,0.004725937668198232,0.3989401917061145,0.15470241131542217,0.0018720616143070735,0.38814395654480904,0.11416311748325825,0.21563791926018894,0.07127213478088379,0.20133451570291072,0.3353187218308449,0.08802564299548976,0.21908401005202904,0.00912452713237144,1.246421586528024,1.69849198297404,0.24117106631841764,1.958273981027942,2.4440354238474136,0.33059278416264665,0.31091454871062474,0.3737864213674512,0.010996588746678514
13,0.13999999999999999,0.09843158969753951,1.4747859709251168,1.5609688255215362,0.869487663550931,1.834883009382919,0.09863266457868772,1.9707756301964243,2.245740475373924,0.11679561011553621,0.2990060543578016,0.02986152373627568,0.059222074705059184,0.42713574308436364,0.11604794417507946,0.25555173004977405,0.017514672130346298,0.17970749933738261,0.3210896886885166,0.08056015006150119,0.27198089339071885,0.012534267822047696,1.2966234066352946,1.7188350652078395,0.15691906547108633,1.9882903023267706,2.4254479747113065,0.2042940785729804,0.2184459042963004,0.24211936965444317,0.04668780688301149
14,0.15,0.10321417525386337,1.4742949246359567,1.5653847126784195,0.8816438670872899,1.8193083504505099,0.14966369840374305,1.9949165712487593,2.1978478335420117,0.1990108860308963,0.20980457191335378,0.20818365893195795,0.1176091212249517,0.46730755257885903,0.08071113307960331,0.23008007067255676,0.022938803769648075,0.2064889093162492,0.2915547601878643,0.07590261797304265,0.33348108135396615,0.04518065936281346,1.348951419666149,1.7385972173709066,0.08041637226881372,2.0178553750184074,2.404336742858261,0.09254387415696799,0.13390195394031112,0.1252974224220082,0.07242846186213824
15,0.16,0.10814298222411373,1.4738080583917526,1.5698903196120757,0.9359231659529204,1.8954550105655275,0.21319779214347337,2.0520588492830703,2.212700205689799,0.3565524742314551,0.10632045107686766,0.3205636927493452,0.13589133835266592,0.4674203361282707,0.13793633808381855,0.22477186261676252,0.005383606068789959,0.1677579713286832,0.3513480834662914,0.04905279862578027,0.34337090380722657,0.04611721760011278,1.403343502081191,1.757518672481709,0.011574070473289143,2.0466752432142803,2.380458177018482,0.005204390765163631,0.057267652451087385,0.022807211057881367,0.08977412075255314
16,0.17,0.1130422457863156,1.473312627178689,1.5743237222749182,0.9758491213144416,1.893018616889504,0.26762911350098745,2.0682220032501193,2.109494943265862,0.38953822954655876,0.04045670543104618,0.4153429108010612,0.17109702237143484,0.4838974366793991,0.11766556394286454,0.21784521569497883,0.00624595582485199,0.24410936061758548,0.29990557581186295,0.05202647947589867,0.34933240531245247,0.0708987818507012,1.4597465579938407,1.7753530529466395,0.04978389780600863,2.0744679590749713,2.3536043038834475,0.08963265373469582,0.01156977404485249,0.06601050548860878,0.10019824052073364
17,0.18000000000000002,0.11808846257856753,1.4727987554362927,1.578823169935146,1.0765863379409142,1.9727278546642022,0.3104064136186042,2.105481674294487,2.0798379707625876,0.5067008635326637,0.018499634748847013,0.49890660181287283,0.218978078150189,0.4415276388535858,0.18086790037341416,0.20650857058353722,0.004526242613792419,0.24374735527089797,0.345187246799469,0.05429786324384622,0.3569917441927828,0.11392573578632437,1.5181139767945,1.791859954290788,0.10389784303506702,2.1009554316806947,2.3235853260334856,0.16151361673319473,0.07279749799269324,0.14191485762009,0.10505234236386461
18,0.19000000000000003,0.12318860691850025,1.4722591779098397,1.583312430887429,1.1663391732791548,2.0137533962781573,0.3372215070104052,2.107353395811482,2.002875550062406,0.5188581225470523,0.09379044596860722,0.5658778712614005,0.2726940603926106,0.41206442777911434,0.20695360680110753,0.1861654792446643,0.018504325300455093,0.2873428592865821,0.29718033224344254,0.03286985933664255,0.3601472771842964,0.16715032546198927,1.5784036010582692,1.8067997894770498,0.15105602776574092,2.125857721111937,2.290218409348988,0.22167779030360973,0.12666030530524977,0.20573059407710412,0.10554373493062137
19,0.20000000000000004,0.12847169119971183,1.4716889821375183,1.5878841599031053,1.2433107325136712,2.0630969745639964,0.35613366106680755,2.1621245483052522,2.0012828866691423,0.6111169568238413,0.11303727705591304,0.6703853776958097,0.2911028558222518,0.3972654028693796,0.24316622619517148,0.16455022362060845,0.013234905898571014,0.2520391399448272,0.3401271887123585,0.060411617829231545,0.4120622149785049,0.1883763012883719,1.6405761353830508,1.8199307483688252,0.19158343744619913,2.1488896424066812,2.2533220266139695,0.27098976811148273,0.1734488948851446,0.2583231627173048,0.10272655453387992
20,0.21000000000000005,0.13375458739361382,1.471085354907392,1.5923967287245528,1.3147145926567798,2.0882120651934892,0.35204142818289186,2.182715447450789,1.8747777539844184,0.6396063537968266,0.18062633424230826,0.717072435313363,0.2877325119440845,0.38987934336910257,0.2572043698746711,0.126207408728078,0.01295593919348903,0.3379373604839202,0.3292751982808113,0.032865334971575066,0.4164918505703099,0.19023019177257083,1.7045939360258824,1.8310076953188181,0.22583401945481385,2.1697595082573,2.2127151144683386,0.3103311555160153,0.21349166921388332,0.30058058474305305,0.09750232017151368
21,0.22000000000000006,0.13910338918690043,1.4704473324570504,1.596901130046617,1.3833547773632562,2.145238546399141,0.35686267459156074,2.232029111385564,1.765702299586644,0.6790944657682201,0.23924126648180324,0.7838738931123995,0.26982697072368744,0.38706535034725675,0.3054557566065341,0.10267767612822354,0.04385931583237834,0.4025179053132888,0.3385065533220768,0.007907340972451493,0.45047401945339516,0.17920008869259618,1.770420127710513,1.839782789792607,0.2541849984633372,2.188169795553186,2.168220204899933,0.34058791244614334,0.24714860745425474,0.33339987365900436,0.09062688203109129
22,0.23000000000000007,0.14461185473536725,1.4697755530974441,1.6014823401233982,1.4939977554344361,2.194827041528024,0.38961891825542533,2.2598869156045716,1.7460638997183424,0.7448441056330739,0.25174345887267724,0.8546347531550187,0.2321954814769973,0.3440202430720092,0.34881946560926735,0.11258670617826283,0.05606744045508094,0.3736057205533143,0.38220370188355446,0.02306267965468578,0.4969584823702462,0.14947412730543874,1.8380179985064453,1.8460075759187569,0.2770322120771625,2.2038194751494906,2.1196696202716567,0.36264040374951945,0.274806138527363,0.35767627078477254,0.08272135417155858
23,0.24000000000000007,0.15007572079627254,1.4690720109089348,1.6059835378964311,1.572662753870243,2.1746660441618273,0.3950137622196164,2.2582433779610165,1.6265105077256834,0.7168965725761964,0.3127189825771692,0.9038858657704388,0.23560464768921557,0.3346878730590106,0.3252297912258655,0.1002279978711158,0.04183567481231876,0.44040327504626475,0.33954156935214996,0.01584669601288624,0.5295917459880002,0.16131939095794223,1.9073506269292535,1.8494362529359616,0.2947857643485006,2.2164077031486977,2.066913782771948,0.3773550032240464,0.29687228656428294,0.37429411978243865,0.07428525673127334
24,0.25000000000000006,0.1555493764900021,1.4683398097917069,1.6104497284163615,1.6485765948286555,2.170934839505108,0.3851318468182862,2.286092110759825,1.5192452352735253,0.710030887409236,0.31361417050846324,0.9863829476458974,0.19871110208747678,0.3298041031594039,0.32110502454452217,0.07726623979397118,0.06045356931281276,0.4905854573880788,0.32445431035012007,0.0001575105998199433,0.6022642620955594,0.1330004922056105,1.9783806979880594,1.8498298149605858,0.30786560702431504,2.225638541447012,2.009830692661604,0.385576577059116,0.3137716811082832,0.38411868555033796,0.06571060988186629
25,0.26000000000000006,0.16109241854362893,1.4675829181264792,1.6149372714679757,1.7293972246344507,2.182420044621039,0.40378213604006225,2.274743917287406,1.4886603023720972,0.7674703418925148,0.27880111352262127,1.0443264786071442,0.17465912320358656,0.32167324264446506,0.335459305671975,0.08708523330278695,0.04351755770039745,0.45967537522665225,0.3793488023802638,0.04713916566106491,0.6563378826831467,0.11736300503253005,2.0510704672789157,1.8469607389490637,0.3166969027372753,2.2312263595870085,1.9483356775987495,0.3881215395122511,0.3259402791836862,0.38798859592399754,0.0572961181710565
26,0.2700000000000001,0.1665885928585946,1.466805925363545,1.6193642095135394,1.7975163987056106,2.1747508773435644,0.3637955935589292,2.2461573869331577,1.3874530440065522,0.7292194390762281,0.30297127247846745,1.106782938541007,0.15399015707123634,0.3278654360110522,0.33413297159131616,0.04209039849229157,0.013255815749289468,0.4949375613068696,0.3434480158612132,0.030848555004922673,0.7200740979169495,0.10472928182571195,2.125381834716663,1.8406179057522485,0.32170519506663764,2.2329015711838682,1.8823906053134218,0.38577142321501484,0.3338198274833901,0.38670884062405747,0.049260875245524395
27,0.2800000000000001,0.17213956709500905,1.466013802827307,1.623815000708639,1.8591670987021551,2.177832230751469,0.3378675150003408,2.26210818434345,1.341367932185741,0.7385680277306861,0.29535292486200276,1.1820335745230865,0.11481150881949109,0.3421093935976387,0.3472207704326138,0.014556001173332334,0.031691808049799874,0.4706439448927995,0.35930097568780184,0.042499280272750184,0.8009891615365632,0.07305428208201192,2.201276492299794,1.8306114603188555,0.32331151382700846,2.23041637629365,1.8120118770785405,0.3792670520428843,0.33785220513475295,0.3810444129865233,0.041757226737479176
28,0.2900000000000001,0.17761667174898188,1.4652116717823784,1.6281920857486103,1.9189288725914295,2.146623248596489,0.3219824437190353,2.2772030145833027,1.1991738269422487,0.6956594214986266,0.34211982967700677,1.194006063184495,0.08617012510959768,0.3597872408936382,0.32984589727129787,5.4851407185196877e-05,0.05365280041587539,0.5381028427218553,0.3263559537008405,0.0036459875118453056,0.8222913158242591,0.05128755056648515,2.2787161134850678,1.816777351325191,0.3219275923118501,2.2235502141674273,1.737276669664104,0.3693034677977861,0.33847384216516146,0.371714747360236,0.03488257454311253
29,0.3000000000000001,0.18314634243762454,1.4644045822905742,1.6326147423738049,2.007404213966405,2.1510232732821466,0.32792241087179586,2.2441850402704975,1.188948637952759,0.7335554844954996,0.32645254901479465,1.2103545516864935,0.05626407104100076,0.35025834132829914,0.3520419386914,0.009971030289307237,0.03207036459934898,0.4693784190749284,0.37702971789985895,0.009657870716182515,0.8509654396330006,0.02757406429736875,2.357662555294704,1.7989813345907466,0.3179513805824886,2.2121146756711485,1.6583270570276873,0.3565257665956406,0.33611041973097716,0.359389112053493,0.028690006743632007
30,0.3100000000000001,0.18857641906107345,1.4635973065707755,1.6369496254072864,2.094087638097887,2.1139641303764143,0.3077558247294271,2.214960356842659,1.0427027110382532,0.7164741260759919,0.3752507432471301,1.2339850187622012,0.01920967097833149,0.3439904100159765,0.3368418555473909,0.004007193958386779,0.01900267953169532,0.5326690970396157,0.3749481576960534,0.0440787042316515,0.8893019327078946,0.003988036798546091,2.4380780481138635,1.7771222748290234,0.31176301868781386,2.1959576773109637,1.575371808077869,0.34152596837993854,0.3311720390154786,0.3446830860543067,0.02319770777687758
31,0.3200000000000001,0.19393397909525267,1.4627941504648585,1.6412214392405233,2.1917891815982724,2.092750851566139,0.28259305239049093,2.176383091717857,0.9032102564200986,0.7103169402800245,0.3634696021743319,1.2742046073098066,0.040200558786109175,0.32813617055217037,0.3416162187932059,0.021128345048055053,0.0014163365412969142,0.585475556406891,0.38547594915144145,0.039420593791874126,0.9460484118317254,0.05859771175892092,2.5199253521504428,1.7511346327729334,0.303721397438546,2.17496675517656,1.4886858128269895,0.32484099112858295,0.32404900838245776,0.3281561954780811,0.018397152972811744
32,0.3300000000000001,0.1992148498984481,1.4619987862442132,1.6454304510673536,2.302505217262006,2.060731077294008,0.28889432074047433,2.113038239620259,0.7770513368215257,0.7624138944118635,0.31892812387155006,1.2641886461813117,0.03665233667913903,0.30066264633933315,0.33974100125487894,0.005267070373520255,0.03603315373766236,0.6215558907424565,0.4554621509741992,0.0038197713729459792,0.953877919644583,0.050912463484564796,2.6031678636013393,1.7209900760391295,0.2941613911139946,2.1490713933579215,1.3986072275639823,0.3069517434376643,0.3151083524986041,0.3103107265367286,0.014260126805425764
33,0.34000000000000014,0.20447210898687485,1.4612141094127393,1.6496214745191804,2.4332858774197352,2.0471034921109905,0.2927957126385692,2.075620608760124,0.6477415818201839,0.8090622118996942,0.3410127364106264,1.2313688002757315,0.058805325489591234,0.25448378016153583,0.3604052927112207,0.009403909789398313,0.04262374548125081,0.6577909624611493,0.5207789174746722,0.03632163655129261,0.9397771249641664,0.06954995487467386,2.687769657581271,1.6866981993997698,0.28339180284917087,2.1182443542413747,1.3055325442813333,0.28828329442502193,0.3046910998593338,0.291591675311565,0.010744629385082626
34,0.35000000000000014,0.20966300676484312,1.4604421214317027,1.653766577591927,2.5196936479722107,2.0322778623045243,0.24094175170460663,2.0166931474929113,0.5213547110705887,0.7267094055268103,0.32579277182181837,1.2542318256944953,0.08544043448378098,0.2540018107465585,0.3839714810019359,0.03075227211229503,0.06580887755262665,0.6885551659797784,0.4575033716391772,0.032682410470442846,0.9818440790404566,0.09324018788174726,2.773695458718769,1.6483063813025887,0.27169402381690166,2.082502025045538,1.2099098770503671,0.2692060338876331,0.2931103613513755,0.27238774665403864,0.007799753397966281
35,0.36000000000000015,0.21488414169834202,1.4596838394733018,1.6579470893136388,2.615374440725681,2.0285945543818444,0.2504875255895928,1.9609566175292743,0.48667392385152275,0.7652417253955439,0.3311598989881359,1.2450308361214222,0.08751716752377413,0.24553609319991665,0.42269571719225496,0.00883384863846004,0.08094721680390649,0.6255568935011979,0.5152040242683142,0.05050972386379726,0.991997557983268,0.09288679299061187,2.8609105339255976,1.6058988371895893,0.25932137422805285,2.041903834333181,1.1122308173527207,0.25003770112722973,0.28065017512433865,0.2530332781381542,0.005369625466837744
36,0.37000000000000016,0.22002421353187465,1.4589392334637805,1.6620494055599784,2.714279222014126,1.992827083844373,0.21166180348418548,1.9091017100272385,0.30861925047420624,0.7213067737792576,0.32470799649980375,1.259642457193362,0.12164903126001844,0.23510128312773304,0.4332321280380711,0.03483726526610553,0.08744911311077885,0.7044019921158906,0.4902606352698058,0.057142932928400114,1.025831516191829,0.12504554403130896,2.949380505141859,1.5595949558063018,0.246499068750291,1.9965508231380173,1.0130212425900968,0.2310461385094518,0.26756506357140364,0.23381094100153307,0.0033965127712905167
37,0.38000000000000017,0.22515967343988577,1.4582071898596036,1.6661454394630286,2.831768660948393,2.016654123086223,0.23464981094041049,1.812444738639575,0.20213188787047243,0.6936048073812019,0.31980733794778593,1.2494213321985699,0.12751439128615047,0.20730242186255055,0.5071071007987484,0.0012250796426087618,0.1341387389402371,0.7106995818612631,0.48115219245664775,0.06572711098124273,1.034466274373699,0.12933758975123055,3.0390710828109437,1.5095470222874747,0.23342473129780172,1.946583477579812,0.9128314697317356,0.21245261492455414,0.2540802269665432,0.21495505782487098,0.0018231984650800824
38,0.3900000000000002,0.23027597326150423,1.4574855008581502,1.6702286127008783,2.9521548515282037,1.9845237246063707,0.1827104411424931,1.7306498998824598,0.11548726932265185,0.6081996161031615,0.34195703866628124,1.2434248748680694,0.1442872607731215,0.1777928719020565,0.5285862827440724,0.03755893255583942,0.16152904389309697,0.6967388636840042,0.41376405279152095,0.1015647538297344,1.0467695000697859,0.14488198937033303,3.12994772343026,1.4559374418622983,0.22026937369833252,1.8921789437755567,0.812226133006656,0.19443556331164052,0.24039228483654682,0.19665537479828354,0.0005947285972115166
39,0.4000000000000002,0.23539504095225477,1.4567708771125232,1.6743044098187594,3.0743274069845876,1.9812205693518052,0.18785253594350618,1.627137513554844,0.03170913981892176,0.6373795749050051,0.3302854657667079,1.1901361529639003,0.15740698723132213,0.14764780976838665,0.5822449879487976,0.019326212583109736,0.20641023872303776,0.6800649951619562,0.46024499158374965,0.10361499621649273,1.011075020127464,0.15706661672447808,3.2219752167529743,1.3989755814030076,0.2071787485266159,1.8335477522778818,0.7117741349808779,0.17713458332125542,0.22667046955021522,0.17906113283643627,0.0003403705068440511
40,0.4100000000000002,0.24049615634701732,1.4560589815224574,1.6783246625500188,3.1718530332395156,1.9280471701667339,0.15870376714474638,1.605919572175317,0.14590965488072005,0.5865520117272254,0.31791784358685027,1.1844800127294666,0.18227076189953384,0.1432641768551548,0.5891528263455257,0.03557122009806335,0.165010607073782,0.7579486336035188,0.42589743877761066,0.10485966785927303,1.022194718301762,0.1812414503947366,3.3151172100946704,1.3388943438212082,0.19427498724280973,1.770930179249099,0.6120389787227988,0.16065457294961472,0.2130581757275772,0.16228529442770456,0.0010293115047972463
41,0.4200000000000002,0.24561577332690746,1.4553444813210594,1.6823423831353508,3.2891223111686334,1.868006061483072,0.15256986153910126,1.5097624905143103,0.16623462706758918,0.5483668978873528,0.3406847954245923,1.1923602588340914,0.17639518336648033,0.1202133675760706,0.5920594778144732,0.029088577954098582,0.19482987580704503,0.6798043664020952,0.4032970282714814,0.1410100227512885,1.0459514589165337,0.17488056657020934,3.409335678744704,1.2759465836685988,0.18165843949319985,1.7045923663213554,0.513569739334506,0.14506986961587137,0.19967477267330377,0.14640879991755756,0.001514616796270982
42,0.4300000000000002,0.2507771504861363,1.4546211154709692,1.6863331039787517,3.418256149748596,1.8469546638711416,0.10602135002907351,1.4544793756878986,0.3285276099901902,0.5534295900044328,0.35560032792419066,1.1748652034040445,0.1785445096292336,0.08633420296973782,0.6365532014751807,0.06338828685693443,0.18034293616074137,0.745420489780372,0.4230012900661677,0.16898273400147445,1.0433804572676308,0.17671054511447437,3.504590352718334,1.210401462395961,0.16940963688600794,1.63482231184864,0.4168928797901818,0.13042829993826505,0.1866175939227162,0.1314847461364137,0.0018339645147592164
43,0.4400000000000002,0.2559694049746278,1.4538817743151133,1.6903048136362504,3.5383473101090077,1.8124239911005036,0.10025484246694702,1.3237052308165664,0.3585876214555965,0.5502936565963187,0.3578335798968152,1.1817379171937321,0.18422328716261227,0.062490800926752854,0.6698831614339724,0.05733647127635777,0.23822060340899043,0.6810926835460123,0.43353859963826835,0.18386955282767303,1.0641955168102868,0.1822030442126561,3.6008381110357606,1.1425408296665311,0.1575913137433048,1.5619258342255569,0.3225050620904158,0.11675505695805037,0.17396402706914219,0.1175424003834454,0.0020202429499561756
44,0.45000000000000023,0.2612203435460437,1.4531185884810793,1.6942396550832892,3.6777050047447473,1.7913129438083442,0.09276368439434557,1.2456017650868347,0.5231877508327895,0.5313050103300525,0.33382240450940526,1.1601954733247362,0.1999947974002758,0.020327350655861665,0.7186572399223223,0.05348674301058054,0.240620829135878,0.7540548037213739,0.4272486676927656,0.17204876712639816,1.055604490742553,0.1978930412151385,3.698032355400609,1.0726557038860218,0.1462504274049261,1.4862225942227127,0.23086705288858447,0.10405634263728696,0.16177363738300712,0.10459098258218308,0.002101756185137281
45,0.46000000000000024,0.2664924510534469,1.4523230241939948,1.698128792607453,3.7803928126823862,1.722622461478451,0.062011289788491325,1.1192489196936175,0.5313738993841215,0.524410352247449,0.33940731626316273,1.1635867298080789,0.21581037595878724,0.01572956291056471,0.7215795499505475,0.07340884115546942,0.2887933291203808,0.6737726743740495,0.43208762095309794,0.18931704669375904,1.0709635627572425,0.2137078428932,3.796122375592951,1.0010429115279036,0.13542013094396074,1.4080422488139983,0.14239877498992798,0.09232273129435103,0.1500902695694037,0.09262316705083636,0.0021025330655872485
46,0.47000000000000025,0.2718410374634191,1.4514859823877044,1.7019694393024711,3.9353504568527216,1.6759168308207175,0.052329263492353006,1.0192499586443808,0.6772340808632973,0.5361272031190051,0.32894182495752455,1.132621936270149,0.24982472311660953,0.04029773774527712,0.7479148992570117,0.07279239763738587,0.30847083588014357,0.7347095947188791,0.4545949774328619,0.18999774221447296,1.051003664091695,0.24778202272136696,3.8950527191074444,0.9280019315637058,0.12512166112973888,1.3277207945245244,0.05747551385558177,0.08153222568614311,0.13894408274305162,0.081618272178454,0.0020427003952425654
47,0.48000000000000026,0.2771586900974584,1.450597899294708,1.705689861369628,3.971950425687537,1.599483012910519,0.032128925080709386,0.8928058146985882,0.700218786440213,0.5242765491401314,0.32614748988685605,1.138327855653418,0.2656382187683247,0.022812151881225873,0.745651034056209,0.08323718869360164,0.35279132981668226,0.6766440387291368,0.4526235577650368,0.1977940060023684,1.0667827346478589,0.2636993294872809,3.9947625775687627,0.8538319788543102,0.11536611377431102,1.2455971445152705,0.023574747711076198,0.07165299137509465,0.12835348388448767,0.07154512100555915,0.0019388892810438063
48,0.49000000000000027,0.28255515938124653,1.4496488465192316,1.709352490794695,4.102051918503966,1.5347289575548841,0.027681060740870053,0.7793639243337485,0.7678169652353949,0.5997413623122181,0.28895677917087703,1.1261793998320206,0.2540396823934477,0.006866716248623561,0.7558996084844694,0.07847502623917535,0.3826460465497803,0.6673440424201544,0.5370955956168473,0.17062984479707666,1.0638148317229934,0.25223503171582706,4.095185202255342,0.7788293490704147,0.1061560869800454,1.1620099708835288,0.10047292281524042,0.0626457666953708,0.11832693437380036,0.06236456810902726,0.0018046506776206235
49,0.5000000000000002,0.2879731445584427,1.4486286289346826,1.712912560706166,4.170859496507699,1.447213112989756,0.008852526358762339,0.6696826687448039,0.7850393142573292,0.6616525672706911,0.2729845385670879,1.1157526577077652,0.24535142630322185,0.02538786415971117,0.7439280751859769,0.08863465377362445,0.40761216354439966,0.6120498937962111,0.6071866122074425,0.16411992607754655,1.0617209594347514,0.24370056393672712,4.19624736066741,0.7032850378037792,0.09748718013238679,1.0772948322892035,0.17298942046111807,0.05446595506324861,0.10886461248954132,0.0540316982730138,0.0016508623664947299
50,0.5100000000000002,0.2934585976723195,1.447526879079438,1.7163852839478397,4.263436348088054,1.3635602553801798,0.011658860937774601,0.5830854518070612,0.834912998261349,0.7496985156325188,0.27451947672939686,1.0974310262336213,0.25150955624569205,0.03443249740666943,0.7360776172718033,0.10100820363732055,0.4086961453722324,0.5939691507664975,0.7026331019587815,0.17455955481273122,1.0509333159425296,0.2500234414183069,4.297868845494723,0.6274826381083766,0.08934934269954595,0.9917815971792936,0.24094384749485148,0.04706541367373732,0.09995992191666564,0.04649771029109176,0.0014861148273851495
51,0.5200000000000002,0.2989705775889153,1.4463331470396459,1.7197438859667693,4.356214038894646,1.2452935915244834,0.0038617483243143236,0.45890534149864237,0.8247026480334314,0.7170717051365186,0.25826863132560296,1.092400793519564,0.26793631796833817,0.043748007687099744,0.6935970777412876,0.08558982034446672,0.446886823134264,0.5204987296310719,0.6766777471639216,0.16666778901708312,1.052689288451802,0.2666192502074409,4.399962046581746,0.5516965137831958,0.08172807202015239,0.9057921646329063,0.30420391840235944,0.040393957972597004,0.09160084230851982,0.03971150506776213,0.0013170677608972659
52,0.5300000000000002,0.3046123281577172,1.4450369850946068,1.7230203803364004,4.4863896502984835,1.1662439775905533,0.0408047526415327,0.3828668268076749,0.9383825550722598,0.7788215938675676,0.24707090203303894,1.0921910310513423,0.29113712820942117,0.016041945265897084,0.6900537373730913,0.11541021597804502,0.43677165135159157,0.5756988705543336,0.7444209889508784,0.16329977920395322,1.0585700298543088,0.2899883557402063,4.5024315955643806,0.47619024021746204,0.07460546333651231,0.8196384781592665,0.36268368451792626,0.034400604916689205,0.08377112282908572,0.0336210011970335,0.001148772469214835
53,0.5400000000000003,0.31032267489603993,1.443628026652262,1.7261984121679081,4.591083300246634,1.0651966176494183,0.034589423355666477,0.26181671633175485,0.9060544949783789,0.7770625458425844,0.2418203651955983,1.0713626486223309,0.3075977513669745,0.01409079152654158,0.6639813171932474,0.10255054180743173,0.4718041062296834,0.4897132994083222,0.7480279656592757,0.16536904175882228,1.0431884449790232,0.306612793385284,4.605174091773176,0.40121530045617093,0.06796111845176525,0.7336208225614382,0.41634119557005667,0.029034580183308744,0.076451323436776,0.028174203643307628,0.0009849579816904638
54,0.5500000000000003,0.31610858847725615,1.4420960592161924,1.7292572858829727,4.693541074534876,0.953555989283817,0.05620202257914152,0.14663185226510256,0.9025030030038701,0.8354801725938541,0.23113353676803022,1.0601806758645977,0.3337218331111268,0.014536842245433945,0.6265459681162611,0.1179749442380853,0.5013945378304925,0.43732729865587316,0.8112340571824461,0.16151382520911284,1.036860623571556,0.33289355228771456,4.70807791678031,0.3270100211675559,0.06177292165894378,0.648026390095595,0.465175704347997,0.024246115411407972,0.0696197115589174,0.023320052293041734,0.0008282808234122157
55,0.5600000000000003,0.32196566798550647,1.4404310913002834,1.7321869676780612,4.785650796292047,0.8320453867713631,0.05199235754358134,0.04435217292606386,0.884402245899045,0.8851186447933601,0.22586010896479775,1.0522354933899927,0.3527166210516612,0.02537234733608784,0.5782466555247083,0.10801005066605285,0.5187759265245404,0.3751777255383786,0.8651315832976252,0.16260708510526456,1.0332264161552303,0.3520360812835861,4.811023143628135,0.2537987312466548,0.056017693122471506,0.5631280994506043,0.5092245203606665,0.019987061495734936,0.06325302385953319,0.0190090772347625,0.000680539768075077
56,0.5700000000000003,0.3279055482170997,1.4386234133434224,1.7349540465988875,4.885740393216676,0.7145389881481121,0.06457269113026243,0.08059666294988732,0.9480140833474762,0.946942598926158,0.19770020946904787,1.0449760216416648,0.3806788299723997,0.02814115212095203,0.532747863442637,0.11524442193331197,0.55978031232371,0.3994544719753321,0.930731255793944,0.1403731053287629,1.0297821347485296,0.3801359720819164,4.913881545337628,0.18179112470547515,0.05067173080304954,0.47918364937382263,0.548559611372144,0.01621134313221391,0.05732710414028496,0.01519388689313527,0.0005428578904832838
57,0.5800000000000003,0.3339187628143774,1.436663652778495,1.7375493448075428,4.981236637833231,0.5826770450406723,0.10580406735264816,0.20671207209385017,0.9823145491391825,0.9753241475627722,0.22062655636056291,1.0155900525042554,0.4031127051274093,0.035280067946587224,0.4714952359208837,0.15151531976880506,0.6031468599976506,0.3990305058832746,0.9624488691333681,0.16880912720807828,1.0037605387042277,0.40269687029649504,5.016516705779818,0.11118180911978855,0.04571125241615689,0.39643478790380043,0.5832840432559079,0.012875278429404086,0.051817429152484634,0.011829513800027796,0.00041583483091425967
58,0.5900000000000003,0.3400260117317147,1.4345428234793351,1.7399680235755284,5.0868600462835944,0.4460040062063788,0.10956063511570657,0.34138046862362453,1.0316125557620155,1.0153604972356696,0.2149047867019256,1.0137394133973956,0.38412574391201443,0.0319241881443304,0.4038539851317182,0.150673384021502,0.6564872465969529,0.4180842165078502,1.0054227116052061,0.16820525235380046,1.0048657723818906,0.3838260714255739,5.118784234427925,0.042150021074660614,0.041112748905795415,0.31510677797332837,0.6135283392541652,0.009937785630463434,0.04669953434812511,0.008873641015504984,0.0002996724864405328
59,0.6000000000000003,0.34621422771392835,1.4322523698527547,1.7421973727296365,5.163702835428442,0.3118681034506097,0.1101805553205743,0.45030525032557334,1.0648278949986878,1.06942431042203,0.2129918261183807,1.030075526268043,0.3636137226863343,0.05682924949360313,0.3370086128124967,0.1470338159124367,0.6857132907898631,0.42538106508436613,1.0620638134423643,0.17104247465613298,1.0237887960975058,0.3634194452606607,5.220532084922045,0.025140509361887012,0.03685326059186239,0.2354080404642898,0.6394468299143218,0.007360496979665711,0.041949351462247715,0.006286730170537094,0.0001942774256735869
60,0.6100000000000003,0.3525378996378452,1.429784205863396,1.7442996450346708,5.266385713216708,0.1852009263401463,0.10373917446426797,0.5044830243795565,1.0521096459301078,1.1260203683770191,0.2364287320710901,1.0296089870833707,0.3754968578258057,0.05521526258235099,0.2757424885639921,0.13664976105792448,0.6620129808725324,0.3908955908555072,1.120912570739165,0.1988852626818698,1.025576917163562,0.3753975145809818,5.3216009757990586,0.09054156222384578,0.0329105865936565,0.15752995649297583,0.6612140550746005,0.005107797637854178,0.03754346938922032,0.004032069919808626,9.934324482391972e-05
61,0.6200000000000003,0.3589939351338428,1.4271307492827598,1.7462427394419553,5.346437383190133,0.0903406576482127,0.07696011943947265,0.5602890319329172,1.1227258902516568,1.1696312174370551,0.22314562355477732,1.0681333965508555,0.34925383420747813,0.07538752700929763,0.24426097294781357,0.10622355685336515,0.6419358435960021,0.44370462067308836,1.1664844120386988,0.18968629438313656,1.0660576351801865,0.3492394183122087,5.4218249101994305,0.15392031529960087,0.029263437413892514,0.08164681166308488,0.6790212695785685,0.0031468053983563504,0.03345932917164076,0.002075761370669026,1.44158952694181e-05
62,0.6300000000000003,0.36559346628452555,1.424284951444304,1.7480876553061353,5.440331990995336,0.043006633601555155,0.07771397249232201,0.6076405914874721,1.0524218101585643,1.21125860885006,0.21278454247366327,1.06991936075125,0.35439723540376417,0.0806997988911462,0.2581657642731443,0.10360551223857328,0.6155564576329198,0.35934871502104215,1.2098113039974123,0.18310917934286408,1.0695327058783732,0.35445829064701684,5.521031789886482,0.21515913067158915,0.02589153974625128,0.007915866145447663,0.6930730951375221,0.0014473048526477401,0.02967536313079918,0.0003866548728767903,6.105524325269787e-05
63,0.6400000000000003,0.3723338040352269,1.421240322767987,1.749780124220571,5.522325873966581,0.031616460135687696,0.07339642309447328,0.6481529887129723,1.1253643504068935,1.261904689085174,0.17498717011909304,1.0903914441165294,0.3690827472653196,0.09671824356337311,0.24253879359457642,0.09617212478769943,0.5846305243612733,0.4217799983161967,1.261923041427508,0.148816082830308,1.0914551936439238,0.3692104253277648,5.619044117529954,0.2741552537302641,0.02277570169322616,0.06352246435169905,0.7035843520906967,1.835234233400072e-05,0.026171087288785033,0.0010637495273944858,0.00012767806244525713
64,0.6500000000000004,0.3791887614883604,1.4179909542938378,1.7513465277671205,5.596533996104225,0.06806807112048024,0.06969721341921112,0.6859568364109887,1.0637409995697527,1.2979825965555025,0.1665478817011438,1.0998945528293962,0.41143520645673426,0.1191457838358474,0.26275236590299755,0.08959505910752341,0.5534125059784856,0.3529639027256053,1.2992579678539187,0.14362072639050893,1.1021959804347716,0.41162129447911866,5.715679779940072,0.3308204370234778,0.01989784568831229,0.13254433043250316,0.7107770968441474,0.0012753712984161303,0.02292715531063485,0.002301427605375428,0.00018608802238440127
65,0.6600000000000004,0.38615399171877013,1.4145315354378831,1.7527397393127577,5.6661921837295,0.14877630207857512,0.10492500170783695,0.7235289311752607,1.1125731536682362,1.358728460967121,0.14056855434947021,1.1131908003242972,0.4255623295832548,0.14456072008033516,0.2363041980424896,0.12216601724503562,0.5244868449808564,0.39769527010503225,1.36107511469163,0.12064317308249883,1.1165407741791569,0.42579925575410016,5.810752903809835,0.3850805001210647,0.017241015537198673,0.19904208619440436,0.714877883563204,0.0023466537245088685,0.019925381266971385,0.003349973854859602,0.00023692617084538776
66,0.6700000000000004,0.3932588014729697,1.4108573681571686,1.7540174099812296,5.768259269374449,0.20550767534611314,0.06074233765194282,0.7521353431102931,1.0671572132335223,1.3772436332334224,0.11807271048515107,1.1530969711982504,0.4688067900147328,0.13581550517847063,0.23136716021690518,0.07553170080063865,0.489211489999434,0.3510419509548228,1.3804965803865343,0.10092397287371568,1.157327725959476,0.4690876133099664,5.90407477455292,0.4368748355630183,0.014789363148695826,0.26292385311085914,0.7161152622786994,0.0032529471531120447,0.017148737611435386,0.004230754761225705,0.0002808232952336086
67,0.6800000000000004,0.40049449748469806,1.4069643776860323,1.7551752846364364,5.863309932890474,0.25787367732872013,0.05526640969674461,0.763169407719613,1.028324699241673,1.4161826336159729,0.09986665172564395,1.194882350961326,0.5174714346191477,0.13214487513323547,0.2282821926055476,0.06779452943010256,0.43905638679279946,0.31360717929783277,1.4201956319157034,0.08528531782212667,1.1998454178101383,0.5177898234978784,5.99545480802371,0.48615586993426774,0.012528119733357948,0.3241130209268135,0.7147175199438401,0.004012998299730558,0.014581333903517278,0.004963066848812383,0.0003183888787306946
68,0.6900000000000004,0.4078574903160318,1.4028491199838098,1.7562032578390183,5.960337982396495,0.31769288555626296,0.05883758441847724,0.7789113347363082,1.0106080761787564,1.4434681147555202,0.078052626924927,1.239173117137811,0.5850950936793214,0.12436358189006569,0.21519560262095183,0.06928113993490115,0.3963636398257222,0.2996974100533407,1.448111821198836,0.06584424592438154,1.2447374122566544,0.5854452974454034,6.0847015642865605,0.5328884881772148,0.010443555516423907,0.38254769491058604,0.7109106661254156,0.0046437064433157696,0.012208381000545462,0.005564295118843221,0.0003502037660819491
69,0.7000000000000004,0.4153208800643243,1.398508786016436,1.757086576903173,6.048399193222928,0.35913249937045244,0.04440022419334874,0.8256806909959642,0.9525566557001833,1.5237904810852299,0.06975364470880492,1.2569395190221888,0.5796084742143612,0.12322459894494386,0.2179169290466234,0.05292315554106608,0.38750059306039475,0.24763999480637722,1.5289507547859102,0.059737500007031485,1.2629895875579678,0.5799852898635436,6.171623792167872,0.5770494284170758,0.00852293134771734,0.4381800979355695,0.7049166608938061,0.005160273700680371,0.010016144701773439,0.00605006853577902,0.00037681564918231214
70,0.7100000000000004,0.4228187034650093,1.3939412029805387,1.7577531457070588,6.094143287043087,0.40150210031775313,0.034787839717599425,0.9111071617139048,0.9326445269992634,1.5632206314627501,0.028271363192590177,1.2716367423561532,0.6411930460521831,0.16188820603565546,0.21712455351371318,0.0415422847145237,0.420131226623198,0.23569264795514755,1.5687969813589007,0.02027947103488259,1.2780711524537764,0.6415917827107478,6.256031493078742,0.6186266538314663,0.006754444996924275,0.4909759350907068,0.6969518790441158,0.005576349896150602,0.007991892157707587,0.006434410097623228,0.0003987366585647407
71,0.7200000000000004,0.430358629488414,1.3891448325695226,1.7582318795707055,6.147077434476519,0.4421468739602341,0.034062678667241296,0.936157139339734,0.9034320375312823,1.6330845593854928,0.02925078137702884,1.2774398071462796,0.631008561054666,0.19065955805854173,0.2154718334786594,0.039189853065181524,0.395243411505362,0.21620623554917984,1.6389887297991663,0.03537461513769813,1.2841696868999861,0.6314250035502482,6.337736992535061,0.6576187074388935,0.005127174397940227,0.540913727834372,0.6872258019821025,0.005904170413673514,0.00612383376066929,0.006729879753706474,0.0004164424955822799
72,0.7300000000000004,0.437934407156905,1.3841187663761692,1.7585290596384027,6.212177085792352,0.5079528845323852,0.05268549793603509,0.9571442413071903,0.8355919226926236,1.6671876241476022,0.05833776731278032,1.2643880640843068,0.6827849688960521,0.20437892212794395,0.18608117057010531,0.05631651758449152,0.3691601172031369,0.15965199630591087,1.6733423101250082,0.06273883001995273,1.2713357731117867,0.6832153415598441,6.416556007920296,0.6940340551024905,0.003631019648456433,0.5879841241040534,0.6759399263867127,0.006154685977406091,0.004401062707172407,0.0069477090274799435,0.00043037266379195916
73,0.7400000000000004,0.44556203047479837,1.3788627185253242,1.7586497521594997,6.293491759613626,0.5649841198629865,0.033237570900568024,1.0187155826588485,0.7729061161408605,1.7255310566500737,0.1017335463670697,1.2374215789137006,0.6654200167224495,0.19881694170908304,0.16290630167350173,0.035494216077495366,0.386526392394444,0.10961923908325844,1.7318687404040247,0.10454704033327289,1.2445195055915974,0.665860948181944,6.492308701322709,0.7278904215364882,0.0022566451769273446,0.6321891902644047,0.663286877057602,0.0063376837539510554,0.0028134939662031876,0.007097926677896717,0.00044093145949444085
74,0.7500000000000004,0.45323402195153706,1.3733770156328862,1.7585987943807926,6.371653060648736,0.6133474283279013,0.008789107985447617,1.0603741150965158,0.7091339622182681,1.7935430262916627,0.13299080849918044,1.208463502882689,0.6527807676575768,0.19316764607356163,0.14586669532582164,0.009784531139302999,0.3868324247887358,0.05968425210448913,1.8000049258116633,0.1343426124949474,1.2156529779895209,0.6532292571209837,6.564820706722298,0.759214123653723,0.0009954231538553825,0.6735416903077799,0.6494497101137789,0.006461899520000495,0.0013518039957669606,0.0071894751068319745,0.0004484894634069093
75,0.7600000000000005,0.4609336292466849,1.3676625841927796,1.7583651111770204,6.443448138184217,0.6577924311314435,0.0029000557404684144,1.1147806171257095,0.6381437608424595,1.8586370978566544,0.16567692712168608,1.1820555474886139,0.636798774104918,0.19047598320321413,0.13024697406217456,0.003060676797758788,0.4027162598213181,0.003542368969647214,1.8651722187642008,0.16568429933977313,1.1892858649953268,0.6372521594457794,6.633924121387431,0.788039405193618,0.00016062105729037365,0.7120643573043914,0.6346013918728123,0.006535120907546391,7.37221808705244e-06,0.0072303175067130274,0.00045338534086131644
76,0.7700000000000005,0.46864102297908916,1.3617209355017277,1.7579331676241146,6.506292734977876,0.7077968098318861,0.018530313687073956,1.1784419676763251,0.562776083250927,1.9163432681824366,0.19775073897479825,1.1638071968192463,0.6227586392998644,0.19316571707167896,0.10661096638068557,0.019749174534808844,0.4306528059532866,0.05612835500505753,1.9229075501207262,0.19652296396088786,1.171034732775297,0.6232145671092439,6.699458452049555,0.8144077762125717,0.0012188608477348886,0.7477891617230387,0.6189044382559845,0.006564281938289568,0.0012277750139103758,0.007227535956050811,0.00045592780937953086
77,0.7800000000000005,0.47636627382607627,1.3555541482412132,1.757302339746316,6.56627249285578,0.7485915585925791,0.039798694726684826,1.2259422844740517,0.5804478442808106,1.9714421414706085,0.2638998860217239,1.1480633798917292,0.6044277798030688,0.19499901438393863,0.08977580210193992,0.041984812065493315,0.4451857035746798,0.022062855103285983,1.9779976906720549,0.2615388685662765,1.1552508007152937,0.6048841774754692,6.7612715072397185,0.838367360694519,0.002186117338808489,0.7807565808993718,0.6025106993840966,0.006555549201446504,0.0023610174554473643,0.007187420823564388,0.0004563976724003418
78,0.7900000000000005,0.48410291052340676,1.3491648488470736,1.75650329023732,6.643948058191966,0.8119079660926746,0.049065577427903594,1.235053959353414,0.509403549358445,1.9896882422053919,0.32635699864527246,1.1310944391534783,0.603754800199017,0.17527216987946304,0.04806428914889693,0.05213428259594366,0.42403908574488014,0.07615772474673577,1.9962026423308998,0.32295780794811435,1.1382099910988472,0.6042098500474822,6.819220228071429,0.8599722552415715,0.0030687051680400664,0.8110148736085339,0.5855612741051808,0.006514400125508077,0.0033991906971580802,0.007115551945368862,0.0004550498484651796
79,0.8000000000000005,0.49184119674116217,1.3425561898085134,1.7555078366538823,6.7027255448342595,0.8485811979099115,0.08187618975322432,1.2856523564734172,0.507982944138429,2.0480827159940023,0.3920246272164476,1.1229251147113828,0.593592690592771,0.17044590588920983,0.030700703617185354,0.08574866474373266,0.4470329930773005,0.060203595348866656,2.0545284098479897,0.3876759948034305,1.1299419868155383,0.5940448059409391,6.873171450723469,0.8792819015270968,0.0038724749905083428,0.8386193633961166,0.5681865394872957,0.006445693853987278,0.00434863241301707,0.00701687210415554,0.0004521153481681295
80,0.8100000000000005,0.4995294508294507,1.3357318260500526,1.7543081522914414,6.74969263902216,0.9039134660871455,0.07104105804108761,1.3015501710931696,0.41694827728454786,2.0607242909785737,0.44034117746107443,1.0998846954973036,0.5977139281836469,0.17330995586962672,0.007552991155534983,0.0756439107353799,0.4379184370627627,0.13355800349381752,2.067078026244417,0.4351259523828048,1.1067804488702677,0.5981617313518655,6.923002594891787,0.8963604749316105,0.0046028526942922966,0.8636317340304068,0.5505062807783654,0.0063537352658430855,0.005215225078269584,0.006895753372964079,0.0004478031682186116
81,0.8200000000000005,0.5071724395542603,1.3286958895609111,1.7529076702154571,6.798332538476229,0.9644970800139734,0.0653475823554287,1.3058573379694152,0.3748092191235385,2.0808780217185086,0.5136737031687545,1.065164362157374,0.5887064311857549,0.1702697350483504,0.05322078848257661,0.07061245775548741,0.4197379978140816,0.15782068882253952,2.0871203544083983,0.5076692679722328,1.0719204190536402,0.5891487332701217,6.96860227352458,0.9112762915313968,0.005264875400058712,0.8861193401553336,0.532629907946078,0.006242332689889821,0.006004435196521741,0.006756056896266174,0.0004423020843667633
82,0.8300000000000005,0.5147162928337349,1.3214529624468012,1.7512607941929708,6.804985702608669,0.9482137472603188,0.05862308615943172,1.3695186261332877,0.3239147909998913,2.1313553063324204,0.562278255325557,1.074905412008914,0.5856018494822185,0.20488511760049732,0.02411251189187169,0.06448631052626297,0.4633640901884064,0.1907419546332676,2.1374701561871916,0.5555569061834831,1.0815065986826085,0.5860376318159979,7.009870820209167,0.9241012353684471,0.005863224366831243,0.9061545359448812,0.5146567456331589,0.006114849854770971,0.006721349142073933,0.006601186673694252,0.00043578233377936424
83,0.8400000000000005,0.5221332392640228,1.314008048588076,1.7493746087590292,6.812977958204238,0.9861998410777193,0.047244722737585475,1.3602519788277152,0.22200088984724353,2.14670795609228,0.5693348365282174,1.0748562270721111,0.5692146492613834,0.23374277342372807,0.05128963338211179,0.0536469776998274,0.43643795454408973,0.2746754943218548,2.1526822086889297,0.5619641307566781,1.0812903649639338,0.5696430464449804,7.046720731627966,0.9349102076956075,0.006402254962241929,0.9238140242836256,0.4966763841690983,0.005974252596649408,0.007370705771539305,0.0064341378918226985,0.0004283971835969902
84,0.8500000000000005,0.5294431385242223,1.3063665440961254,1.7472563659074571,6.832610849845182,1.0658437973233728,0.03888228148918271,1.3512407743800074,0.1580120205018738,2.1678185543676363,0.6070877676909082,1.0610629543587786,0.5634224664372833,0.2464661736812559,0.12206319766119123,0.045768305368255824,0.4120625456562266,0.3207570596423466,2.1736417051870376,0.5991308416996617,1.067320494679734,0.5638427508238237,7.0790770235264375,0.9437805996621816,0.006886023879073113,0.9391782287237808,0.47876908014422037,0.005823150819401308,0.007956925991246502,0.00625754032095549,0.0004202843865403969
85,0.8600000000000005,0.5366653509686515,1.2985342067656733,1.7449258267280263,6.866086426200684,1.1426644390419818,0.0015150681943857727,1.3521633639165582,0.10433326981777413,2.1979412301166263,0.6035518680596647,1.0541011467348251,0.5270258658113862,0.24079107342549833,0.19187264936044812,0.008833381987642497,0.39983267372008413,0.35667292613652535,2.2036050662864,0.5950677285727579,1.0601748439949006,0.5274374333384912,7.106877499626182,0.9507917896815336,0.007318313793256724,0.9523306901964742,0.4610061959542995,0.0056638361697737526,0.00848413948690677,0.006073697260075367,0.00041156752710504825
86,0.8700000000000006,0.543794974342815,1.2905171247251306,1.742366912276105,6.887723414572069,1.2207920082853825,0.009927527182993279,1.3705215137913622,0.11929342106338103,2.2387256096628834,0.62303328168466,1.0465576705765736,0.48929267367044255,0.24234951928519877,0.2647673417814076,0.017630182846914977,0.40716402360703796,0.324157247581752,2.244223925517872,0.614077072852524,1.052442291053012,0.4896950309339445,7.130072933857268,0.956024666503975,0.007702655663921697,0.9633574901843243,0.44345066864513305,0.005498315854988394,0.008956208832136029,0.005884620476438549,0.0004023572635019774
87,0.8800000000000006,0.5508090602673877,1.2823216844892469,1.7395770196239255,6.9036615720827,1.3146169882919918,0.012155315453877952,1.368960426673719,0.09476258544214544,2.2661326625610707,0.6325645448755807,1.0383767957803374,0.4614475434308357,0.2449655950840679,0.3550558094866574,0.020197664329316467,0.39661372487898916,0.3313949138682801,2.271461005555466,0.6231877936806995,1.0440688573289663,0.46184029590222053,7.148627167166768,0.9595611788053345,0.008042348875438515,0.9723467017947297,0.42615749931042557,0.005328342994395292,0.009376751194881105,0.005692061548628977,0.00039275247138484284
88,0.8900000000000006,0.55773288051372,1.273954538618886,1.7365876374035305,6.9383771280052935,1.3814508261205019,0.020441122684675808,1.386185894920975,0.06509455464885938,2.308433048012527,0.6390341718882253,1.0211669156695018,0.40760843177094647,0.2241399929698673,0.4199669142253697,0.028781602100934833,0.406798025011085,0.3440797005605418,2.3135884918738157,0.6292850140307564,1.0266644556540996,0.40799127306672744,7.162517120975161,0.961483911895132,0.008340479416259025,0.9793878699098901,0.4091742552094012,0.00515544386128872,0.00974915785746883,0.005497539984597871,0.0003828412957810009
89,0.9000000000000006,0.5645593406955853,1.265422573190993,1.7333989043422653,6.969359185516704,1.462998271392993,0.02427756615810947,1.3836661051479984,0.06576044700349448,2.3292261856981034,0.6217053404734307,1.0351295503589082,0.36714389535327746,0.20237354457640322,0.5011225794441998,0.032877502439077944,0.399094583815895,0.32678113065776415,2.3342071280349046,0.6116287287150044,1.0404319188091904,0.3675165974709671,7.171732730093107,0.9618756919487932,0.008599936280968471,0.9845715213321033,0.39254157766125863,0.004980942336801311,0.0100766117584263,0.005302368450282165,0.0003727021176896134
90,0.9100000000000006,0.5712207840434707,1.2567328752784759,1.7299742482465263,6.962102742256445,1.482707040519442,0.07314101571117068,1.3930244419812783,0.0035366142313018045,2.371424547876813,0.6426362436537902,1.0592624522171514,0.32966727848402455,0.2141740563165513,0.5218878225423396,0.08196444198256359,0.40503573638852686,0.3798303038638551,2.3762305297423154,0.6322741404001135,1.064370127627626,0.3300296829256695,7.176276798572997,0.9608192179771025,0.008823426271392897,0.9879887055927515,0.3762936896325533,0.004805981865502303,0.01036210325367668,0.005107675410474553,0.0003624044416449176
91,0.9200000000000006,0.5776995018326718,1.2478927006344196,1.7262920124143195,6.934852630882418,1.5005970787513636,0.0601141034422961,1.3863686514048958,0.06702152552945184,2.4044366511411432,0.6483212696338482,1.0531744534160423,0.32755005212537636,0.2413121516656247,0.5422003571875393,0.06912759080296382,0.3966380845522508,0.2934373722237069,2.4090681963134557,0.6377128253516275,1.0580888788681477,0.32790206183562987,7.176164782548042,0.9583967215638242,0.009013487360667727,0.9897305668526452,0.36045889775315876,0.004631545172312579,0.010608444282220648,0.0049144254521053836,0.00035200971025353526
92,0.9300000000000006,0.5839606522871248,1.2389094417679594,1.722361394207593,6.907458754603485,1.5013475447774753,0.06457830428000955,1.358016450181918,0.013510554103760064,2.4335004551537964,0.6150927033000293,1.0414732576531343,0.27964181990483344,0.26396575000399025,0.5466578905470669,0.07375080505153164,0.368128503090702,0.3585706383746583,2.4379589271266013,0.6042744221922476,1.0461966951843351,0.2799833919561934,7.171424504607475,0.9546896542304084,0.009172500771522093,0.9898879470912161,0.34506008427089824,0.004458471972805074,0.010818281107781713,0.0047234375312007765,0.00034157205135990483
93,0.9400000000000006,0.5900524248410614,1.2297905965907414,1.7182181784871933,6.904808251729738,1.4629298806136188,0.06142651529383674,1.3914565875315388,0.05527779852621445,2.464457361165215,0.5438962574018985,1.059125655910641,0.2562444938481789,0.2572875529367593,0.5131514784879982,0.07072921720100567,0.40290556696709245,0.3853929837059695,2.4687448360491544,0.5329021516081411,1.0636610572692007,0.25657563281129114,7.162095804666497,0.9497784021256205,0.009302701907168929,0.9885510205644462,0.3301151851797551,0.0042874748839393,0.010994105793757402,0.004535401358559595,0.0003311389631122605
94,0.9500000000000006,0.5959686276027546,1.220543737802771,1.71383800311758,6.886174019505432,1.510661027011134,0.06704350961401294,1.3962265573974413,0.002558103098559694,2.4955252908371652,0.5645521552561302,1.0483567248226768,0.27276021167048364,0.2620561131116119,0.5669189994223416,0.07644969987450168,0.41041759809013456,0.31307954833027907,2.499644444556907,0.5534138887014706,1.052707616938278,0.2730809636123013,7.148230132617044,0.9437420275887926,0.009406190260488735,0.9858089593073067,0.31563765142883876,0.004119153719741787,0.011138266554659652,0.004350892115601318,0.0003207519418176578
95,0.9600000000000006,0.6017055535005026,1.2111764831753193,1.7092386494027207,6.871983539722505,1.5355457119748623,0.047066900053368194,1.381278183326005,0.03266128521838679,2.553476979142885,0.5956587907415163,1.0304301542980414,0.22948685659039833,0.2579065485697356,0.5988876749761403,0.05655183846829459,0.39952855405863374,0.26897560551878996,2.557430987479165,0.5844058136281092,1.0346005379687995,0.2297973036475014,7.129890088292241,0.9366580369987221,0.009484938414926399,0.9817496292673713,0.30163689073717675,0.003954008336280156,0.011252977113407154,0.0041703836707580235,0.0003104470571030552
96,0.9700000000000006,0.6072619131396585,1.2016964668761914,1.704439008578585,6.865083227822173,1.5249305691497792,0.032698072434020814,1.373971478004953,0.0017929472122676926,2.622320023257778,0.6210579850947685,1.0102527143908437,0.17067142492490575,0.24206568662339123,0.5963283949531615,0.04223887267289683,0.3975121615221724,0.28632574088987894,2.626112473430112,0.6097176599141676,1.0142469748388976,0.17097168040345423,7.107148914445564,0.9286021741966177,0.00954080023887602,0.9764593164827806,0.28811868810214664,0.0037924501723340096,0.01134032518060086,0.003994260448053939,0.0003002554785484897
97,0.9800000000000006,0.6126352904001509,1.1921113119695366,1.6994282859609073,6.849623314615498,1.5133015054451504,0.0234103963087604,1.4051024346807164,0.002033364510795499,2.69091767344765,0.6461685461713157,0.9766601271474582,0.12796025335970404,0.2304666339259711,0.5936532667838037,0.032985914673190564,0.4350799521198496,0.27711896810797043,2.6945524860639125,0.6347662660118658,0.9804829552304,0.12825045731733553,7.0800899485414694,0.9196482386613467,0.009575518364430166,0.9700224825608668,0.27508560359717493,0.0036348126162624914,0.01140228015944993,0.0038228280829417562,0.0002902039576314884
98,0.9900000000000007,0.6177363670872532,1.1824286042084644,1.6941474597264712,6.784414017246103,1.5293153092198866,0.028370747488430798,1.3540953067874555,0.021499583007366818,2.7424520878818046,0.6611715765184968,0.9507250281405135,0.07626827223322746,0.2643920219343272,0.6194473817013204,0.037961478519719094,0.3915737582137808,0.28403692951542325,2.74593344819732,0.6497308763500769,0.9543813511263579,0.07654858750174753,7.04880603918043,0.9098679275185663,0.009590731031288298,0.9625215485736748,0.26253734650805644,0.0034813603155155266,0.011440700168419969,0.0036563229858443775,0.0002803152685200659
99,1.0000000000000007,0.6226325387416713,1.1726558672243323,1.68864138298781,6.755994679235519,1.5402078890313824,0.020297234698043693,1.408283064727637,0.06137030002361282,2.7705392986712742,0.6305180767371397,0.9240345544978735,0.028491605245706052,0.25740425370895537,0.6408771886490285,0.029885213065426797,0.45424635836388916,0.31184142528218217,2.773871596204117,0.6190607382741291,0.9275294754188508,0.02876221385668032,7.013398932944474,0.899330700382354,0.009587978367383104,0.9540367063637477,0.25047112525856935,0.0033322975328426547,0.011457338463010568,0.003494920920977272,0.000270608610974265
100,1.0100000000000007,0.6272724497688433,1.1628005392018232,1.6829149099449137,6.714476776754204,1.4979848877408273,0.017818398796366583,1.3329142505443055,0.07230842848066454,2.79760690705599,0.6636232317899254,0.9017428037985146,0.019977280868461816,0.25950186060072156,0.6098812217824161,0.02738710696576163,0.3882684943964705,0.3111904014076572,2.8007946826983243,0.6521693824615795,0.9050815484952182,0.019716180890100077,6.973978637354926,0.8881036659584111,0.009568708169395049,0.944645756147835,0.23888197292699265,0.0031877756423343774,0.011453849328345972,0.003338744696703549,0.0002610999783617399
101,1.0200000000000007,0.6316499590011186,1.1528699511140907,1.67690963941567,6.637820935073166,1.4995224493406032,0.005527101774080936,1.393377634204636,0.06305887561972992,2.8383745865029915,0.6435626829894341,0.8840698602330955,0.00043813036752145257,0.29284183041454526,0.6232709600590169,0.004007179464679211,0.458953664987348,0.2908219240780454,2.841422486351803,0.6321308894839603,0.8872577312868088,0.000186327873962,6.930662765487711,0.8762514892815861,0.009534281238760147,0.9344239692172879,0.2277630484583155,0.0030478998488114154,0.011431793505473768,0.003187871053713302,0.00025180249355945256
102,1.0300000000000007,0.6357904120762482,1.1428713065772906,1.6706989588504526,6.6009822530548785,1.4946327411330795,0.019680616754015834,1.3192453560189263,0.06269260327228918,2.89290510270513,0.6626540792899601,0.8584701572121028,0.03966253051279955,0.28259361454547616,0.6307964227162302,0.010194640432018787,0.39580138155724853,0.27979851720738225,2.8958178379107267,0.6512614360835869,0.8615124940406531,0.03941980379750021,6.883575867600355,0.8638363184168495,0.009485976321997049,0.9234439744616779,0.21710591393509307,0.0029127352055966452,0.011392643206373183,0.003042336828550294,0.0002427267152993377
103,1.0400000000000007,0.6396838362910505,1.1328116633690908,1.6642407892767215,6.537558981275822,1.494330616074707,0.08565838524221486,1.3624148234282947,0.05085243303557632,2.9240443990473617,0.6396739856555177,0.8491378443888982,0.02389020636119949,0.2952897736176965,0.6434128866530955,0.07623339054407552,0.4506391560425982,0.25775322152185254,2.926826711045578,0.6283361988898832,0.8520399888511747,0.023656325443880633,6.832848754893519,0.8509177294216116,0.00942499469813934,0.9117756673856964,0.20690078848627622,0.002782311998216559,0.011337786765634439,0.0029021444622765215,0.00023388091731885993
104,1.0500000000000007,0.643293538448674,1.1226979166414586,1.6575461053421983,6.47071909662199,1.453554639390017,0.03259538118791981,1.3040956503413115,0.08312514882832092,2.9668101220505587,0.669513355406767,0.8188575427260224,0.019580032484081362,0.3078987236440298,0.6160019510425627,0.023242916737217456,0.40460951009299606,0.2802619284193497,2.9694667526055127,0.6582448224362452,0.8216248096432537,0.019354761141585186,6.77861782026602,0.8375526883474542,0.009352464450702359,0.8994861402483154,0.1971367795910288,0.00265663055495421,0.0112685329705219,0.002767266917231311,0.0002252713424961758
105,1.0600000000000007,0.6466159508825199,1.1125367838437916,1.6505762222845752,6.3782151481134335,1.4567456715421259,0.1050919164075532,1.3272609868927285,0.07678553897584717,3.000946530242245,0.653019675908824,0.8065478442398123,0.00944415083745914,0.34280921251775,0.6329501424916089,0.09582247195066884,0.4406213549664244,0.26458763165283017,3.003482195781544,0.6418335608032066,0.8091854962985963,0.009227248403476551,6.7210243606311835,0.823795529050517,0.009269444456884346,0.8866396319263041,0.187802092676983,0.0025356655392989335,0.011186115105617388,0.0026376520587839615,0.00021690243398258974
106,1.0700000000000007,0.6495954670375,1.102334791359317,1.6432980585367243,6.25478698825876,1.4673433280338493,0.09002277101717553,1.277208693066815,0.09253368482615454,3.039352618843147,0.6846270922816079,0.7723366378678198,0.004724550827813618,0.4054269167900202,0.6576453824527562,0.08084584289463237,0.4039111969759688,0.27141790484893136,3.0417719886172563,0.6735353975382168,0.7748498644214123,0.0049333278730046,6.6602139050487805,0.8096979455810931,0.009176928122543157,0.8732974960908461,0.17888422002277682,0.0024193697741094187,0.01109169474339107,0.0025132265535925662,0.0002087770451909826
107,1.0800000000000007,0.6523049527751944,1.0920982628447344,1.6357949609561184,6.186023821896289,1.4515927097150927,0.03234841972980339,1.2247513779232684,0.0714635825637899,3.0695516273833703,0.6784156297389226,0.7490274039244087,0.04815379404049798,0.41031173070223304,0.6562837117817253,0.023272572841960937,0.36523319163825363,0.24183369262027554,3.0718593050260097,0.6674292644311208,0.7514213032554835,0.047952897410141304,6.596335552598522,0.7953089979333674,0.009075846887842447,0.8595181862850148,0.17037011005648564,0.0023076776426395767,0.010986365307801753,0.002393899331074799,0.00020089663035667582
108,1.0900000000000007,0.6547494296661265,1.0818333092511065,1.6280564727997504,6.108770840365114,1.4235107421312168,0.10547264730136095,1.2545676677498223,0.08777046350738252,3.1040511016371073,0.6553345732821992,0.7347745279262363,0.02743265442356762,0.42077048321516486,0.6428356121759862,0.09650557377608493,0.40921041124965996,0.2500167817051988,3.106251609744504,0.6444634178478736,0.7370540925767273,0.02723939300631173,6.529541323580279,0.7806751299552305,0.00896707352527602,0.8453572565001622,0.1622463181978163,0.0022005081073966275,0.010871155434325614,0.0022795646504909567,0.0001932614172558898
109,1.1000000000000008,0.6569202771272276,1.0715458204929273,1.620089861128653,6.031398660449941,1.4666443002461267,0.08807691773805973,1.1760499487105807,0.09786390245100965,3.131343482688748,0.6463848787182184,0.706210860470971,0.0042830263536231825,0.428586866830301,0.7008041020017117,0.07922549248905852,0.34518257284071296,0.2523630428768229,3.133441250072792,0.6356378465716261,0.7083809652831405,0.004097155790077522,6.459985527280242,0.7658401982444148,0.008851425249001198,0.8308673758698678,0.15449914042581323,0.0020977673840442087,0.01074703214659226,0.002170104812169506,0.00018587056354566007
110,1.1100000000000008,0.658844855231841,1.0612414587219108,1.6119146087858272,5.96293626745527,1.4848868578257954,0.015068461193077073,1.1398688320527484,0.08372706045989317,3.1769200229401116,0.6445906667700093,0.6931028732921248,0.015771056397280925,0.4248878817379591,0.7340413469355553,0.006338794541079551,0.3237704759230837,0.2308417912281584,3.1789193742442876,0.6339757629029918,0.6951682658400387,0.015949778695357963,6.3878241491932295,0.7508455108902401,0.008729666651997522,0.8160983561296645,0.14711473076826523,0.0019993513041761364,0.010614903867017458,0.00206539254791378,0.0001787222980770363
111,1.1200000000000008,0.6604672272051341,1.0509256531528002,1.6034806984288759,5.855738678914972,1.4350460177843605,0.08267374547164189,1.1520226057007275,0.08978020778058951,3.202836558975447,0.673110642354562,0.676440093971776,0.009461214263923398,0.4574755813300726,0.6993161428254098,0.0740712329861708,0.35092541517224163,0.22985941168735735,3.20474170637317,0.6626350190781523,0.6784053870942444,0.009289400215493515,6.3132142602450445,0.7357298749589508,0.008602512485471092,0.8010971905284858,0.14007920390676784,0.0019051473977232203,0.010475623276409695,0.0019652931224684107,0.0001718140484298835
112,1.1300000000000008,0.6618256213297188,1.0406035963800977,1.5948530768847986,5.789889584238798,1.3928872450944072,0.01604555811160674,1.0846680955057981,0.12625136179625465,3.229319928594347,0.6816031926999017,0.680629719962296,0.008816311135554368,0.4464238659784314,0.6723575934302062,0.00757492781849578,0.2987599925836548,0.2596300858713221,3.231134965317324,0.6712732026644517,0.6824993861373514,0.008981453691376373,6.23631345021723,0.720529651664201,0.008470630293110959,0.7859081029221434,0.13337872407506743,0.0018150367229767448,0.010329990035449951,0.0018696661750553444,0.00016514255582200513
113,1.1400000000000008,0.6628772378276563,1.0302802421173698,1.5859706137774214,5.676291376938628,1.40120590240265,0.07451483187675206,1.016886240507321,0.10834270323512646,3.2550278472480123,0.6995628534356432,0.6604036394247405,2.3421244179398467e-05,0.48098791030497523,0.695927084190771,0.06618018896551803,0.2463136346777901,0.23534228463540785,3.256756742717698,0.6893841000564862,0.6621820067521185,0.00018212522263638675,6.157279287243603,0.705278818211879,0.008334642911234032,0.7705726058295308,0.1269995814002814,0.0017288954696860746,0.010178753379156916,0.0017783673273780332,0.00015870397845698829
114,1.1500000000000008,0.6636316453416959,1.0199603042843604,1.5768557472987685,5.576850765927554,1.33183863102747,0.032103791416988665,1.0045153770937074,0.17199418595081184,3.27955381560396,0.7128274454796432,0.6315661467042428,0.002813216345296759,0.49941803899855586,0.6418295956682414,0.02390866057248786,0.24938581080641598,0.29292244274984114,3.2812004119623452,0.7028048308857251,0.6332573962863535,0.0029657103295903653,6.0762688049261095,0.6900090353592285,0.008195130844500804,0.7551295662872913,0.12092825679902931,0.0016465963583855781,0.01002261459391803,0.0016912495821106805,0.0001524939842936064
115,1.1600000000000008,0.6641365187521584,1.0096482573619319,1.5675303759827979,5.489998116322794,1.3618507605155352,0.09521104702367265,0.9992872536739762,0.19834097620126862,3.3090560394209714,0.6763366509230704,0.5967352820842333,0.0023512473024294915,0.5034399019859848,0.6871010407339782,0.0871584124979563,0.25967197527643293,0.31349245269666426,3.310624049277976,0.6664744215377141,0.598343446617946,0.002497755136573687,5.993438018308779,0.6747497197815571,0.008052634525716352,0.7396152783975433,0.11515147649539564,0.0015680098570047905,0.009862229385356263,0.0016081645337127485,0.0001465078341441958
116,1.1700000000000008,0.664351460725747,0.999348337930537,1.5579790305836771,5.388112489975792,1.2888742570970346,0.0639937112957092,0.9986407758146907,0.2666734535012046,3.3368140860338844,0.6759225714833031,0.575748918380398,0.006310967488566997,0.5208289796792087,0.6293461367022246,0.05608605482848361,0.2745772342896089,0.3763297106779646,3.3383070912677795,0.6662243613391183,0.5772778817918152,0.006451707944506779,5.908941469655001,0.6595281203948101,0.007907656467225596,0.7240635415250818,0.10965625717676004,0.0014930052338950719,0.00969821014418477,0.0015289634114171392,0.0001407404559397818
117,1.1800000000000008,0.664292994987412,0.9890645473045719,1.548198856796005,5.278466923506525,1.3092555713978566,0.14618297255692736,0.9630000287243841,0.25315085310660224,3.358701174484213,0.6750231490128854,0.5674677073824382,0.003575301500579171,0.5444648811899242,0.6648861735593528,0.13842230924637988,0.25449428556021303,0.35758079585502855,3.3601226259488612,0.665492020896636,0.5689212053548545,0.0034401149896439165,5.8229318046964496,0.6443693978385039,0.0077606633105474655,0.708505743164171,0.1044299427484263,0.0014214514646483998,0.009531128116249454,0.0014534979724162389,0.00013518651093525429
118,1.1900000000000008,0.6639454764209237,0.978800655172697,1.538197836929138,5.173141421241632,1.2286685687449594,0.12271580270492113,0.9534175088068396,0.2997356051004342,3.3766315453474505,0.6466627261454347,0.561193597704633,0.04025362202141466,0.5624179585211095,0.5993718623649329,0.11510371492477134,0.26044656324665993,0.39919583869050257,3.3779847633559257,0.6373012106632814,0.5625752189662308,0.040383462473982945,5.7355593797627415,0.6292967063800267,0.007612087780149793,0.6929709455601797,0.09946023359006842,0.0013532180084750065,0.009361515482153308,0.001381621261597852,0.00012984045256828926
119,1.2000000000000008,0.6633613567639628,0.9685602041526318,1.5279990178571385,5.075799252192585,1.2747200571516566,0.11696616255206012,0.9116538173148233,0.31258872495124923,3.4344922205180795,0.6846282494319283,0.5408899063247663,0.0260294757079936,0.5711726477675256,0.6603887795936316,0.10950383200543001,0.23416784207802266,0.40732393410871737,3.4357803959865123,0.6754383820807561,0.5422030945774168,0.02615417228662409,5.646971899960111,0.6143312775580251,0.007462330546630101,0.6774859752368007,0.09473520915746811,0.0012881754684327682,0.009189867351172231,0.0013131882526504386,0.00012469657863048807
120,1.2100000000000009,0.6624751550708332,0.9583465151685264,1.517570462727394,4.955588917367996,1.1946878400417487,0.09006271975427108,0.8667371595238827,0.3163490944196193,3.4430332315722296,0.6362637130538427,0.5673222461825616,0.037864863000349365,0.6017251709781704,0.5951953351031989,0.08275095775024965,0.20466164487879723,0.40659243913250975,3.444259427720681,0.6272470693802461,0.5685703025665134,0.037984612077707425,5.557314088346167,0.5994925049385499,0.007311762004021427,0.6620755146450855,0.09024334471289046,0.001226196148451332,0.009016643673596551,0.0012480563839518683,0.00011974907735805722
121,1.2200000000000009,0.6613211826227183,0.9481626935590397,1.5069478768631055,4.857416252564109,1.1586371897936214,0.08409324020552424,0.7907653069679441,0.37025019146151517,3.468832496207237,0.595787708319288,0.5731634093480834,0.006411614700600596,0.6093111332811532,0.573839160380885,0.07693251624004915,0.14400311175268143,0.45622371436911635,3.469999650726095,0.5869454372441396,0.5743494953494519,0.006526606768602505,5.466727385845262,0.5847980294127365,0.007160723965475086,0.6467621952152627,0.0859735229076012,0.0011671545188578884,0.00884227107514832,0.0011860860013685223,0.00011499206800190891
122,1.2300000000000009,0.6599343868633498,0.9380116358254319,1.4961323162757574,4.75458358692273,1.1545428380833451,0.16812084542189873,0.8024237554654227,0.3449286146181967,3.486609772612706,0.5774529576717202,0.5935706967660882,0.012031457828789876,0.6207660945437965,0.5842790135648102,0.16111131414072588,0.17085706430952996,0.42684365549939685,3.4877207002136856,0.5687858130550012,0.5946978374850005,0.012141877465182915,5.375349681466527,0.5702638245185349,0.007009531281172844,0.6315666911558927,0.08191504088120018,0.0011109276009798675,0.008667144616718973,0.0011271407189122793,0.0001104196363930391
123,1.2400000000000009,0.6583355438596282,0.9278960369305553,1.4851627279888424,4.676916795580009,1.1619872346008666,0.10125796686068389,0.7394394427097345,0.3179240943286944,3.493541484896999,0.6127587352917468,0.5795253227294319,0.022679507964778158,0.6063982766427216,0.606082953279838,0.09439949347870424,0.12293162930291146,0.39598170781391673,3.4945988801773638,0.6042671058094129,0.5805964104365557,0.02278553383075632,5.283315072222731,0.5559042813210286,0.0068584733819796505,0.616507813406823,0.07805761348522232,0.001057395280364745,0.008491629482333935,0.0010710877071238157,0.00010602586597816433
124,1.2500000000000009,0.6565121884365885,0.9178183980619375,1.4740211340132277,4.586580615355013,1.1021253872196821,0.1067460641573828,0.7891705076875032,0.36964327514825823,3.5017085423975742,0.5774226454994117,0.5790404513194175,0.013392528998728571,0.6041730366487172,0.5603930947836488,0.10003824840532616,0.18756790447514504,0.4440346483315807,3.5027149829547852,0.5691065829014406,0.5800582492374815,0.013494333863491192,5.19075365200373,0.5417322924360333,0.006707815752056638,0.6016026032123581,0.07439137318332245,0.0010064405572109047,0.008316062597971125,0.0010177979180639816,0.00010180486476262178
125,1.260000000000001,0.654460476205713,0.9077810347751167,1.462712123042155,4.491437962358944,1.1163011217144525,0.09970639588093466,0.6907849026151257,0.3589032202725786,3.5160608236184383,0.613624942135871,0.5584061976323794,0.0131459797115454,0.6063533661726979,0.588541786884889,0.09314859454752877,0.10391847777646035,0.4298100874002557,3.517018773360178,0.6054841879522428,0.5593733438872732,0.013243730500107631,5.097791328531642,0.5277593348295635,0.0065578013334058926,0.5868664248386654,0.07090686712767712,0.0009579497417393523,0.008140754183628243,0.0009671462548938336,9.775078856223201e-05
126,1.270000000000001,0.6521736933647753,0.897786085436622,1.4512217081822967,4.386627313501542,1.0528440180097753,0.08528185668915547,0.7242271319150708,0.41376268951208617,3.52789024023728,0.5714870767597378,0.5675246829826052,0.002667339301709962,0.6179223539147642,0.5388484669383615,0.07887320482404903,0.15191407490056008,0.4813577413733583,3.528802052838728,0.5635210875188932,0.5684436946758069,0.002573481440776959,5.004549667416306,0.5139955510714138,0.006408651865106446,0.5723130570145107,0.06759505186127211,0.0009118126014477815,0.00796598924084456,0.0009190116932017832,9.385786093300314e-05
127,1.280000000000001,0.6496665060866929,0.8878355198899056,1.4395700755241752,4.290739261584467,1.0380044228702354,0.16751664668456073,0.6665278319171603,0.4178928513964265,3.536048268059047,0.5893155222592937,0.5559214867060933,0.025623799591964244,0.6204065006531891,0.5375545941060409,0.16125607752474025,0.10857304919045419,0.48234013744513504,3.536916190525517,0.5815234932815656,0.5567947640665807,0.02571391998208128,4.911145762237656,0.5004498287641945,0.006260569159820497,0.5579547827267061,0.06444728604870853,0.0008679224664700496,0.007792028977728146,0.0008732773604873884,9.012039011703398e-05
128,1.290000000000001,0.6469252339589703,0.8779311482716462,1.4277389829636367,4.179130514127612,0.9796198029133381,0.09321007989364301,0.6665501999478064,0.41445262717618553,3.531110131371938,0.577360987455903,0.5824366321437291,0.05777146804626844,0.6385616153784213,0.49248992500361055,0.08709634357364848,0.12274772289674729,0.4759079487703275,3.5319363076705486,0.5697418752824888,0.5832664627232589,0.057858000829583034,4.8176921295060335,0.4871298779097275,0.0061137363199945316,0.5438024770510591,0.061455321594141986,0.0008261762986103338,0.007619112173414239,0.0008298305795297487,8.653278331459578e-05
129,1.300000000000001,0.644014831338829,0.8680746299102121,1.4157567749455902,4.080735575939761,1.0430013841820729,0.08106492686100032,0.7137200006089182,0.42169840896284183,3.5335857343766137,0.5689659592547032,0.5828369428267102,0.045269073554854836,0.6435610513508436,0.5689590781694278,0.07509660796495155,0.18385430786293,0.48030970242689364,3.5343722091056406,0.5615185027709231,0.5836255057074595,0.04535216311342083,4.724296627290605,0.47404230601264513,0.00596831889604878,0.5298656927459882,0.058611293464051785,0.000786474729026898,0.007447456483780146,0.0007885628807493459,8.308955856599533e-05
130,1.310000000000001,0.6408823753361861,0.8582674822428735,1.4036086831740546,3.970011432920705,1.0243243075564044,0.14588179955917474,0.6399075128265866,0.38649472508019156,3.53238962781612,0.5813674167435953,0.5689957320069572,0.05152468986034227,0.6610509633392212,0.5631316168000922,0.14005733357043937,0.1237547694472596,0.44240243357489817,3.533138349885121,0.5740901570534334,0.5697451019950677,0.05160447521484457,4.631062396259926,0.46119269075631225,0.00582446598873537,0.516152743379327,0.055907708494706596,0.0007487220690009235,0.00727725969016186,0.0007493699881104471,7.9785354502304e-05
131,1.320000000000001,0.6375101616966369,0.8485110896930798,1.3912628158879534,3.833185058242817,0.9527291353361182,0.10920939232211624,0.679914232476499,0.3807909944195006,3.52901611555449,0.5734671795161967,0.579076205265926,0.06422375485325241,0.7049027636021492,0.5041434852173552,0.10352708102436736,0.17724344867747277,0.43412842784891836,3.529728941852227,0.5663584786234424,0.5797883570485283,0.0643003697914537,4.538087821844966,0.4485856501187631,0.00568231129774887,0.5026707837990262,0.05333743342941778,0.0007128262977368708,0.0071087008927544215,0.0007121517826023364,7.661493820129464e-05
132,1.330000000000001,0.6339230439995239,0.8388067124540621,1.378742171061881,3.7052952633405836,0.942302327813801,0.08625110630984886,0.6357020487539096,0.33224053923013,3.5320007414229506,0.6329632615342039,0.5718756978537721,0.0966556199915546,0.7401712528735516,0.5060774179873988,0.08070913219125941,0.14627616095822304,0.3831342216290068,3.5326794404536486,0.6260213198838755,0.5725525101006497,0.0967291932029184,4.445466516214135,0.43622490982640216,0.005541974118589456,0.48942588779568647,0.05089368239887678,0.0006786990306981435,0.006941941650328314,0.0006768122468775,7.357321136379896e-05
133,1.340000000000001,0.6301577919269018,0.8291554951301121,1.3660590973135467,3.5832451422573186,0.9589999255629753,0.07857778202179382,0.7081037916129947,0.3424046805603611,3.5327818403334112,0.6177770454942426,0.5948309507370056,0.08598281991138514,0.770042176482093,0.5348865574924275,0.07317422173218802,0.2316806687740609,0.3909746845893096,3.533428095804993,0.610999918426387,0.5954742101312149,0.08605347512639128,4.353287318739412,0.42411336807054784,0.005403560289605799,0.47642312283893384,0.04857000402894848,0.0006462554715818495,0.006777127067855595,0.0006432593942093113,7.065521500613848e-05
134,1.350000000000001,0.6261359733048603,0.8195584751917165,1.353154409520447,3.414923710756451,0.911676866087124,0.1001090534191796,0.712165040984122,0.37338735152644426,3.5267666139966716,0.6489002170584733,0.5898793630424706,0.10160369461020284,0.8467106028765556,0.4994237086502835,0.09484189032809809,0.2484984191833064,0.41974761986057274,3.527382028347347,0.6422858302248642,0.5904907682270277,0.10167155074304901,4.261634313633007,0.41225315743684043,0.005267163091081503,0.4636666218008156,0.046360268334128464,0.0006154143506753734,0.006614386833609177,0.0006114051845572009,6.78561328461665e-05
135,1.360000000000001,0.6219152806909317,0.8100165912057813,1.3400945316678614,3.2923658515984924,0.8764397845484175,0.05882425156572389,0.6671672883512607,0.313519641382861,3.5134118192697295,0.6886363595128033,0.591537970143549,0.11087903026505182,0.878221011844289,0.47579408052843064,0.053691387467551976,0.2160076367435977,0.35777829491416924,3.513997917121742,0.6821825233055279,0.5921191355737392,0.11094420155859552,4.170586863442781,0.40064570401998684,0.005132864098171919,0.45115965160766297,0.044258653531308256,0.0005860978520122804,0.006453836207275464,0.0005811654301901619,6.517129354370576e-05
136,1.370000000000001,0.617521593175108,0.800530690807001,1.3268973033351217,3.180320296264501,0.8296017290939462,0.1403086050857496,0.6911995413138016,0.3145369739929824,3.5279306094345673,0.6901896206325002,0.5962995603473707,0.10335654133550354,0.8998993608474848,0.4403099453775212,0.13530787109630182,0.25229486252646893,0.35679660688037984,3.52848884096602,0.6838940436718985,0.5968520200403873,0.10341913750744425,4.080219657111986,0.38929178371642503,0.005000733989447795,0.43890467878733264,0.04225963288739743,0.0005582315314524328,0.006295576960601646,0.0005524596930165779,6.259617194071347e-05
137,1.380000000000001,0.6129760307113193,0.7911015383811149,1.3135942571787862,3.0899972226870696,0.7602760123036494,0.10398974805896949,0.6869645784765651,0.24845551705440067,3.5275349423889635,0.710603122316745,0.606374580832838,0.11302281834621959,0.9006055486461264,0.3820844365982339,0.0991189147462137,0.2600611465750262,0.2888134787499439,3.528066686616512,0.7044634240446612,0.6068997920083348,0.11308294473565184,3.990602771333196,0.37819157570541556,0.004870833312755789,0.4269034319015389,0.04035796169554324,0.00053174422754848,0.006139698272083853,0.0005252111754967117,6.012638943224215e-05
138,1.390000000000001,0.6082877450981812,0.7817298224353778,1.3002016336433435,3.0115124526757784,0.6749267337880118,0.050040988918667755,0.6874416454595921,0.25307306501159454,3.537678307917501,0.7216582461071219,0.6386251638828659,0.10828171760869577,0.8902892912810785,0.3075820206431672,0.045297775708604604,0.2722846845863387,0.2916217294696253,3.538184875884326,0.7156719685299322,0.639124510489637,0.10833947532228194,3.901801743956857,0.3673447131448447,0.004743213210063153,0.4151569608732534,0.03854866445803075,0.000506567966825313,0.005986277577189758,0.0004993466067710586,5.775771358616683e-05
139,1.400000000000001,0.6034469347808269,0.7724161626359548,1.2866823037718138,2.8950984755299163,0.6540703169315596,0.07412432690330034,0.7104575667693478,0.20218885837096567,3.522408475931616,0.670365678069153,0.6728586453930595,0.13107015578409098,0.9187791827207548,0.29731998580973595,0.06950641080038622,0.3067918735323474,0.2390158807102125,3.522891113796504,0.664530296693556,0.67333344151848,0.13112564184120856,3.813877658250671,0.3567503311218237,0.004617916102914117,0.4036656932370004,0.03682702233924685,0.00048263786488828356,0.005835381375597027,0.0004747961254204514,5.548605711759035e-05
140,1.410000000000001,0.5984680396096007,0.7631611164960547,1.2730845060498384,2.8180722641074074,0.6123624817132187,0.05465730317564834,0.6196469174878869,0.24193585860723768,3.5285035357623604,0.6918458021168964,0.6884313696688247,0.12761145655708486,0.9088149727394921,0.2659553698031232,0.050162326835561544,0.22721743013244122,0.2771244195464533,3.528963427786948,0.6861587361199781,0.6888828628289048,0.12766476403339766,3.7268872368468995,0.3464071119100955,0.004494976340086797,0.39242948735544564,0.035188560939215595,0.000459892024587659,0.005687065996918236,0.00045149316008007704,5.330747631280348e-05
141,1.420000000000001,0.5933510528368469,0.7539651857026063,1.259374137250115,2.7066852720741608,0.5742707994616816,0.0923527506095382,0.665711567191408,0.18796448657177153,3.5069742402193382,0.6855835426101756,0.6721338131488969,0.13358117454085439,0.9341976721843821,0.2379574718652293,0.087978329800535,0.28426388453226537,0.2215935249987524,3.507412511651637,0.6800421642838046,0.6725631874578539,0.13363239270984195,3.640882944258543,0.33631332759645227,0.004374420809003204,0.38144768265914264,0.033629038426980874,0.00043827143229891076,0.005541378326371002,0.00042937430895705476,5.1218168987568815e-05
142,1.430000000000001,0.5881059099317434,0.7448288220728884,1.2455964192999753,2.634035482197631,0.5111437674980183,0.05685138227621909,0.5985162062036449,0.23860591692484662,3.5138283865564715,0.6804085592936262,0.6787731906479209,0.1275252615630237,0.9218776146954042,0.18467688735108823,0.0525951127638109,0.2277970592258498,0.2707503509882372,3.5142461064097006,0.6750102028017864,0.6791815698670689,0.127574476035079,3.5559130968930353,0.32646688014693004,0.004256269512408188,0.3707191469777951,0.03214443406339057,0.00041771985322900957,0.0053983564918398935,0.0004083792191480806,4.921447205527026e-05
143,1.440000000000001,0.5827418789171501,0.7357524331359981,1.2317342417927681,2.5394700642427623,0.4361874991331123,0.08308010837949802,0.6396388269509904,0.19569889756549044,3.510257635508145,0.6741006282619161,0.6933113822190067,0.13320708067464634,0.9325519152989727,0.11932216014247388,0.07893957226769999,0.2793965059099719,0.2264298346999567,3.510655819234671,0.6688425977481529,0.6936998326855246,0.1332543735334184,3.472021979541735,0.3168653389906384,0.004140536111798032,0.3602423210410185,0.030730937134466254,0.0003981837265262481,0.005258030513763119,0.00038845046651787656,4.7292858772057203e-05
144,1.450000000000001,0.5772219455253484,0.7267363873371471,1.2177574285971993,2.419292196122362,0.3836003333851927,0.053354984076976204,0.6093850394963438,0.2598881242869219,3.5086449233904635,0.6481900262832452,0.7096730229908729,0.15710353720641784,0.9699577712526661,0.07609435718040913,0.04932775563793257,0.2593697792617604,0.2892730605963152,3.509024535451317,0.6430696033639833,0.710042556427652,0.15714898714213632,3.389249967375028,0.3075059762047836,0.0040272284390436355,0.35001526023458346,0.029384936309393307,0.00037961206085352863,0.005120422919261873,0.00036953343677913897,4.5449935718472186e-05
145,1.460000000000001,0.5716207879529575,0.717781018865664,1.2037069758019667,2.3151982991761435,0.44183048453793977,0.11007823236952309,0.5993532761101759,0.22599398634610873,3.5069040317369753,0.6568394188746375,0.6961028469512849,0.1721490523139101,0.9924353533497197,0.14344468514900655,0.10616188339190558,0.2593176024056447,0.25409699577721767,3.5072659880679566,0.6518538695527241,0.6964544231595937,0.17219273475348018,3.307633652525863,0.2983857993889332,0.003916348977617514,0.3400356737045312,0.02810300943110894,0.00036195633098113234,0.004985549321913405,0.00035157620830881885,4.368243957010087e-05
146,1.470000000000001,0.5658877045525711,0.7088866321102436,1.1895592293539237,2.198678034232816,0.3608261448573643,0.06911813353506159,0.5928515255312687,0.1924637375626724,3.4998438664826375,0.6663834730264987,0.7008510114701754,0.1931970041662906,1.0285279401650769,0.07132456253748387,0.06531023822026327,0.2625505646246893,0.2193456513050478,3.500189036858501,0.6615300540579483,0.7011855409073178,0.19323899139999412,3.2272059743978927,0.28950158231988044,0.003807895314798316,0.3303009609065795,0.026881913742375387,0.00034517037586330777,0.0048534189685503675,0.0003345294371423998,4.198723370350892e-05
147,1.480000000000001,0.5601117536902565,0.7000535057471933,1.175381560324085,2.1272686951680297,0.4250996511162366,0.05636522716752668,0.615652536085461,0.24529439995770327,3.496831905948716,0.6799064177142004,0.6865288307694816,0.17455506834466566,1.020727657720272,0.14424975763540715,0.05266336660133675,0.29484429038348026,0.27101297650369816,3.497161116247298,0.6751823824597523,0.6868471770139877,0.17459542964934371,3.1479963528883017,0.28084989348082945,0.003701860566189926,0.3208082457019807,0.025718576545994885,0.00032921029858237326,0.0047240352544481185,0.0003183462445061212,4.0361304678048465e-05
148,1.490000000000001,0.5542422918132505,0.69128189646967,1.1611471998854364,2.0365160940608478,0.35003346331383783,0.10208420214058679,0.5989065436504416,0.1931655861178988,3.49354314030674,0.6890342351657205,0.6807966424113623,0.19115441480899723,1.0335147297082585,0.07760634075384587,0.09848596836673096,0.2873521355468256,0.2177756724122446,3.493857174675213,0.6844368389574811,0.6810996245185379,0.19119321656762622,3.0700308237691063,0.27242712255999196,0.00359823377385583,0.311554408103616,0.024610086294345808,0.0003140343684732735,0.004597396208239417,0.0003029821071755827,3.880175862900345e-05
149,1.500000000000001,0.5483799512245098,0.6825720423675645,1.1469619004355762,2.032778500557965,0.34870986504824186,0.06589805220343073,0.6243918582665288,0.20728885567807318,3.4841885569871915,0.7031800406984817,0.6421156149826951,0.2044716051566519,0.9605536749659223,0.0844803600339219,0.06240105192409828,0.32185574448885745,0.23084253977867775,3.484488159912871,0.6987065457506105,0.6424040097335819,0.20450891097425483,2.993332175523887,0.26422950501431997,0.0034970002793324397,0.3025361137776713,0.02355368410060456,0.0002996029256796381,0.004473494947871215,0.0002883947508868447,3.730581760294209e-05
150,1.5100000000000011,0.5423869434467136,0.6739241659693804,1.132668096737202,1.893227001169869,0.2917745290061718,0.05511009188359868,0.6469852334487656,0.25052861046902136,3.4634006107752096,0.705826397759238,0.6296528258644846,0.20122363404230956,1.0246930858193082,0.03552138421218842,0.051711949810851365,0.3532353920418245,0.2730753661307972,3.463686489063548,0.7014740776503459,0.6299273699114565,0.20125950485817157,2.9179200869891773,0.25625314479398337,0.0033981420727473145,0.293749841406941,0.022546755661775813,0.0002858782883384323,0.004352320108892127,0.00027454404697195274,3.587081586201718e-05
151,1.5200000000000011,0.5364010789367283,0.6653384769586951,1.1184130374247137,1.8679704926918435,0.27980711321835783,0.09092522994506241,0.6482809657804425,0.18040646462845028,3.470202100724409,0.6857582537024184,0.620964780196092,0.22645494526496715,0.9758407725094003,0.0313130778959021,0.08762359182583168,0.36308905775877065,0.20199328821036033,3.4704749253869522,0.6815243974560872,0.621226172108436,0.2264894394611474,2.8438112652012437,0.24849403532245576,0.003301638119230728,0.28519190802167177,0.02158682358191005,0.0002728246625433775,0.004233856246331176,0.0002613919123439311,3.449419618026487e-05
152,1.5300000000000011,0.5303427659711537,0.6568151745789782,1.10413340222287,1.7979391415356085,0.22374111322940318,0.08713417944590801,0.616959888278575,0.26190931402668494,3.4629069515607123,0.6940206707245974,0.6201381870220938,0.20460616989317001,0.9730804413629812,0.017206965596415102,0.08392671478213742,0.3401013958755357,0.2825808541092556,3.463167359615909,0.6899025865131989,0.6203870892350096,0.20463934339932166,2.7710195828985897,0.24094807882581828,0.0032074646637705907,0.2768584924030392,0.02067154008257066,0.0002604080551967421,0.004118084211398522,0.0002489022129158692,3.317350615165162e-05
153,1.5400000000000011,0.5242783020117138,0.6483544497413609,1.089850316124464,1.720650875912332,0.2674841046346052,0.07213861963179985,0.6206146383003188,0.18629423794309335,3.4586858701938286,0.6885013606123765,0.5968429076479196,0.22817719598626127,0.9789053392669302,0.033873000531457365,0.06902302411617711,0.3518689816373808,0.2060929180297535,3.4589344663836528,0.6844963791081682,0.5970799483184237,0.22820910238078795,2.6995562151792623,0.23361110410314784,0.003115595515622737,0.26874565666293804,0.019798680086660136,0.00024859618982409743,0.004004981504208307,0.0002370406705040712,3.190639452669066e-05
154,1.5500000000000012,0.5181582747713922,0.6399564868507243,1.075556339972495,1.6560695711789992,0.17517338145517453,0.04364218102382895,0.6433694067408915,0.21075243288049617,3.446078160184084,0.6730242980915088,0.5932312113832895,0.22730447537477563,0.9733602036794764,0.05130550137255341,0.04061617871047929,0.382520040639065,0.2297185675415676,3.446315518609481,0.6691297754878178,0.5934569861565251,0.22733516598236747,2.6294297748584756,0.22647888282772793,0.003026002313349656,0.2608493661018266,0.018966134661071447,0.00023735842539662137,0.0038945226036908994,0.0002257747732356441,3.069060759183513e-05
155,1.5600000000000012,0.5120124105050449,0.6316214653659158,1.0612527183102545,1.5736979648145204,0.21741360866308465,0.10436807046363229,0.5978654659252003,0.2503506797456726,3.44403465940852,0.6589098605676846,0.5988765570015081,0.2042631289391744,0.9869484813025338,0.002133535803295672,0.10142941569210961,0.3446999584812147,0.26852258454891853,3.4442613250867,0.6551231812918559,0.5990916306909639,0.20429265292477794,2.560646446117054,0.21954714446638032,0.0029386547715226806,0.2531655074439856,0.018171904803245924,0.00022666567817990316,0.003786679275828769,0.0002150736894558284,2.952398560355544e-05
156,1.5700000000000012,0.5058776649399247,0.6233495611102986,1.0469870422212084,1.5361196595624689,0.19112280577809126,0.06320798635419037,0.6600982113486099,0.22759868483296514,3.42561592049115,0.6609361871849193,0.5700446104563942,0.2254993978192336,0.9570904565116507,0.021688784123398364,0.06035446544410661,0.41440830580177135,0.24501278038951568,3.4258324108377565,0.6572547663236037,0.5702495186415035,0.22552780227852054,2.4932101160741196,0.21281158990148963,0.0028535209100837614,0.24568990554683856,0.01741409555655056,0.00021649034660647975,0.0036814208613155965,0.00020490818510926517,2.8404459286963223e-05
157,1.5800000000000012,0.49971785352803305,0.6151409473489866,1.0327163645991302,1.4505823254247612,0.21252493623085944,0.075255831483409,0.5729943364853302,0.2209576536895082,3.41152429303416,0.6351745343829798,0.6075804509272855,0.22634075721015304,0.9765401785334689,0.006257032393477857,0.07248526421608403,0.33457599780740566,0.23764856412890367,3.411731099273311,0.6315958198392764,0.6077757014718372,0.2263680872565601,2.42712250395823,0.20626790383738158,0.002770567267324966,0.23841833867792447,0.016690910439395457,0.00020680623915102862,0.0035787145437033443,0.0001952505445517519,2.7330046407053453e-05
158,1.5900000000000012,0.49353800648926205,0.6069957956491829,1.018466492215922,1.4000457159209825,0.13484466608021844,0.046744064103689816,0.6153426611386176,0.244587313115221,3.394437009924376,0.6416799179712048,0.5845267458948064,0.23449320228097906,0.9623375716691953,0.06506709998939186,0.04405430500628427,0.38399610868873424,0.26058795928838663,3.3946345984295476,0.6382013923721388,0.5847128203895409,0.23451950112939812,2.362383287590178,0.1999117660696103,0.0026897590974055466,0.2313465524498833,0.01600064617316564,0.00019758850517185338,0.0034785255990659935,0.00018607449473449192,2.6298848419060305e-05
159,1.6000000000000012,0.4873825900574626,0.5989142765399511,1.0042435564464856,1.3278597128681078,0.19437417025529807,0.09556316466402533,0.5824612919060908,0.20488425622752393,3.385868452960281,0.6159029103924386,0.5957133049681584,0.22731241725733736,0.9711305140590412,0.0006353085627779365,0.0929521041107364,0.35799101940574474,0.22022594392183237,3.386057266528951,0.6125220927642658,0.5958906601008493,0.2273377263045404,2.298990226927149,0.19373886169252014,0.0026110605532889213,0.22447027250034599,0.015341687694308425,0.00018881356866965688,0.0033808176281727976,0.00017735513269093498,2.5309047203042193e-05
160,1.6100000000000012,0.4812266124166065,0.590896559987573,0.9900706021581007,1.2997789997213434,0.1132980681497768,0.0637622461817517,0.6031639773589507,0.23513733264382522,3.372693699864431,0.6231094697037641,0.5784752797141317,0.23438799822191486,0.9371602847313625,0.0744468221673742,0.061227811325807124,0.3853787613588793,0.24984983608010225,3.372874158929335,0.6198239169316366,0.5786443485703785,0.23441235712380148,2.236939284452706,0.187744890317151,0.002534434855944578,0.21778521600007136,0.014712503436277032,0.00018045906490426054,0.003285552772127487,0.0001690688562467564,2.4358901886612382e-05
161,1.6200000000000012,0.4751129381570342,0.5829428157022966,0.9759397152481643,1.2348804587009248,0.18935977614428207,0.07257644522904272,0.5962856792757105,0.21741627130107338,3.3425072254688284,0.6078971856855631,0.6199242121498871,0.23204924622987602,0.9413442835284513,0.007434201776050031,0.07011660077841952,0.3849985772067157,0.23152791216853075,3.34267972924863,0.6047044937731698,0.6200854054477531,0.2320726929756347,2.176224742229376,0.18192557436823203,0.0024598444506231873,0.21128710206899476,0.014111640867457372,0.0001725037798016275,0.003192691912393254,0.0001611932978659981,2.344674575868412e-05
162,1.6300000000000012,0.4689860320361985,0.5750532132919589,0.9618402409050474,1.183234221479141,0.10050485545667445,0.041942216658682065,0.6106619014096946,0.24632687318506283,3.3301174630203336,0.6119301100151413,0.5939057789425192,0.23396996641298526,0.9336050939818961,0.07577181106898934,0.039554965507704765,0.4056902402335254,0.25986459545674734,3.3302823906124104,0.6088279151590541,0.5940594862040598,0.23399253739626147,2.116839315461037,0.1762766665256638,0.0023872511509773027,0.20497166117616916,0.013537722271684507,0.00016492759207696698,0.0031021948560872453,0.00015370726154062227,2.257098327619919e-05
163,1.6400000000000012,0.46289150842496757,0.567227922277502,0.9477819367893494,1.1141950415907145,0.13542498985178839,0.10309390778993492,0.5663968095707952,0.2194557868931545,3.3114994142070664,0.6047187498790959,0.6201520355006495,0.26871695872659024,0.944579220849846,0.035368966520763934,0.10077729151817039,0.3675621659749595,0.232445227651624,3.311657125625061,0.6017047293717042,0.6202986261632759,0.2687386888137553,2.0587742624405605,0.17079395637255232,0.002316616271764533,0.19883464359583575,0.012989440758469506,0.00015771141799467375,0.003014020507391796,0.0001465906626264758,2.173008716502778e-05
164,1.6500000000000012,0.4568235713793026,0.5594671119848209,0.9337888314395401,1.083494181009478,0.0692210708761728,0.06945138970843805,0.6172751540651878,0.22892521727398357,3.3006305018117277,0.5936955344664745,0.6024398644447586,0.293705974184229,0.91852530977485,0.09625220543239266,0.06720348895760253,0.424403327077016,0.24139077376457863,3.3007813389704097,0.5907674074405804,0.6025796889152844,0.29372689677984454,2.002019490784328,0.16547327630856545,0.0022479007508355224,0.19287182698817182,0.01246555649059504,0.0001508371586821132,0.002928127025894086,0.00013982447052572017,2.0922595615561e-05
165,1.6600000000000013,0.4508127738241834,0.5517709513269151,0.9198807336837279,1.0563812453145607,0.11221904432006277,0.07217919412459253,0.560252541767059,0.28265014622269896,3.302767186515828,0.6197781657327048,0.5803918141471195,0.2783288174421236,0.8901824145650608,0.04809146246407181,0.0699981288635172,0.3731735185974685,0.29461503933998756,3.3029114741657395,0.6169336937600747,0.5805252048012335,0.27834896455169655,1.9465636598796214,0.16031050678413458,0.0021810652610753365,0.1870790231695904,0.011964893117288607,0.00014428764991166365,0.0028444719726302098,0.00013339065411394603,2.014710957295003e-05
166,1.6700000000000013,0.4448533549606691,0.5441396084895987,0.9060294105762092,0.9930633193647425,0.10632780933900035,0.06663069898264673,0.5970935582312178,0.22040992608960255,3.281620830630747,0.5813657153835265,0.6139508326281273,0.31158290417479834,0.8993309601282817,0.04897377156885341,0.06451462866971269,0.41564147409735597,0.2318962604913395,3.281758877245011,0.5786027029389516,0.6140781047579367,0.3116023064649198,1.8923942794930242,0.15530158090785376,0.002116070312934034,0.18145208413386188,0.011486334401736936,0.00013804661426378468,0.0027630124445750027,0.00012727212980930767,1.9402290121461067e-05
167,1.6800000000000013,0.43893049698923614,0.5365732505334643,0.8922594930856108,0.9667095582459988,0.08316742737886867,0.10862425179873522,0.5250997705940106,0.2605122544867971,3.274462407895183,0.6128108167459111,0.6151801855764754,0.29944319189288143,0.872788246262644,0.06727506109746173,0.10657137545058504,0.3491128632122127,0.27154107551905327,3.2745945065107662,0.6101271115476266,0.6153016382886562,0.29946187874884345,1.8394978045086428,0.1504424884763304,0.002052876348150185,0.17598690738179792,0.011028821032256145,0.00013209861558305584,0.0026837051982845877,0.00012145271218093252,1.868685596201081e-05
168,1.6900000000000013,0.4330722412492675,0.5290720429240677,0.8785688714265816,0.9237614018013987,0.061690553593249264,0.07787702007946268,0.5896027613536674,0.22075569333566078,3.2591579893225724,0.5907100149908701,0.6126757244610253,0.338006080131359,0.8640983239820343,0.084038725879509,0.07588557625422254,0.41892332073985017,0.23134704094263725,3.2592844183382113,0.5881035082275048,0.6127916415280197,0.3380240797123406,1.787859725783433,0.14572927947275827,0.0019914438252401365,0.17067944061381718,0.01059134760697646,0.00012642901563900689,0.002606506763365249,0.00011591706699445094,1.799958098160846e-05
169,1.7000000000000013,0.427267676657262,0.5216361490016498,0.8649574395632292,0.8829021868930087,0.09788722321735077,0.1093183866670543,0.5545287750252902,0.29511555780329307,3.2375899831045287,0.6033818808141601,0.6067597145751816,0.35314608922537816,0.8545624702310306,0.043270843860227615,0.10738665336975828,0.38900308918891824,0.30528851758572273,3.237711007037433,0.6008505072677508,0.6068703652417753,0.3531634285172913,1.7374646571240393,0.1411580670775784,0.0019317332972960265,0.16552568583637192,0.010172959782429668,0.0001210239329040119,0.002531373546409362,0.0001106506665936459,1.7339291913149853e-05
170,1.7100000000000013,0.4214929736323132,0.5142657294010106,0.8513868025262327,0.7996014936294751,0.04899504830601506,0.10034552310130794,0.5826002327939586,0.2607203625282502,3.212869902698086,0.5613225011800425,0.6367271664469151,0.3878201052480112,0.8886949247753364,0.08772998192580417,0.09847181761870161,0.42207852986393846,0.27049311410519294,3.2129857729014475,0.5588642392540351,0.6368328061944339,0.387836810114095,1.6882964184048115,0.13672503023181923,0.0018737054826063336,0.16052170293002005,0.00977275157694274,0.00011587020336145799,0.0024582619260074302,0.00010563974751883317,1.670486608377993e-05
171,1.7200000000000013,0.4158248178047815,0.5069609414314264,0.8379792747819885,0.8423467594377063,0.05907542484322989,0.12450805211500178,0.5610850155203175,0.2857442398434865,3.2042696363186436,0.5588461101635217,0.6332104866900732,0.38945379740133657,0.7979913554227096,0.07335099094780162,0.12269073078641668,0.40542140279649175,0.29513410266372375,3.204380591661902,0.5564589818241075,0.6333113579603378,0.3894698926305864,1.640338114860416,0.1324264157910315,0.0018173213285851038,0.15566361272382584,0.009389862820237214,0.00011095534325874299,0.0023871283394142446,0.00010087127026457932,1.6095229249857644e-05
172,1.7300000000000013,0.41020034353613977,0.49972193842588203,0.8246421834213108,0.7879556419549751,0.01636943239567759,0.0689080880945999,0.5663847424736356,0.28162415776767735,3.1761807961456805,0.5309730170531489,0.6640048716336546,0.44180545570768065,0.805616570643906,0.11188910790951923,0.0671455460251309,0.4154371428558079,0.2906476345087867,3.1762870636594016,0.5286550876917318,0.6641012045147363,0.44182096506119706,1.5935722125988812,0.12825854030519682,0.0017625420694690002,0.15094759961782764,0.009023476741109392,0.00010626751372131967,0.0023179293614171755,9.633288108165204e-05,1.5509353516409837e-05
173,1.7400000000000013,0.40464590613177387,0.4925488690680811,0.8113876357077088,0.731464643134563,0.024907421470033497,0.15873150471552067,0.5473083804748955,0.2648264748397077,3.156552345686785,0.5213442862553677,0.664803022479854,0.4675622568342653,0.8165159672571463,0.09931036998750642,0.15702217543730512,0.40093846668241895,0.27349929252523,3.156654141173931,0.5190936644794419,0.6648950353555847,0.46757720308960415,1.5479806103917093,0.12421779145753992,0.0017093292782155553,0.14636991379247652,0.008672817685522227,0.00010179548714593532,0.002250621775925708,9.201287573063231e-05,1.4946255338850165e-05
174,1.7500000000000013,0.3991989187839368,0.4854418767051668,0.7982479382884649,0.6991837481212368,0.05762028620151152,0.12345472326031057,0.5891056880925611,0.24670955696121286,3.13362527520207,0.5517266286952798,0.6505183232460623,0.5235442925823315,0.8043609596861643,0.06268034299137071,0.12179707834729925,0.4471788150513021,0.25504670591908507,3.1337228038173635,0.5495414660545066,0.6506062234111596,0.5235586975759361,1.5035447078074011,0.12030062919288223,0.001657644913011326,0.1419268730412591,0.008337148957872208,9.752861529334861e-05,0.0021851626407732036,8.790016509732928e-05,1.4404993604656862e-05
175,1.7600000000000013,0.3937918150455602,0.47840109865329494,0.7852085270923251,0.6829870214530749,0.01561320971022817,0.11932415404958852,0.5354897341575154,0.2883569438775658,3.124947010360121,0.5383184276893889,0.656437239737652,0.5240073846201214,0.7772584483100218,0.1321167962742038,0.11771670269081369,0.39787486989735044,0.2963727146561723,3.125040467159124,0.5361969183431938,0.6565212239802349,0.524021269287914,1.4602454697630967,0.11650358656397564,0.0016074513587748251,0.13761486426016498,0.008015770778606534,9.345679900310438e-05,0.0021215093461950008,8.39842425829848e-05,1.3884667792643875e-05
176,1.7700000000000014,0.38849682530526053,0.4714266655026601,0.7722863943382338,0.6440122068767662,0.005317567612147814,0.09869499760955845,0.5507157893312965,0.20563521751604086,3.1014015057429094,0.5450545441391346,0.6936426043665814,0.5347509412956687,0.7740512806994957,0.11814083793433383,0.09713628614554182,0.4172854447060672,0.21334323586779647,3.1014910762023646,0.5429949244717136,0.6937228595197666,0.5347643257118762,1.4180634875762619,0.11282327032218602,0.001558711464016634,0.1334303446252293,0.007708018351755617,8.957045945535821e-05,0.0020596196674209687,8.025515318519674e-05,1.3384416207424934e-05
177,1.7800000000000014,0.38328315622986575,0.4645187004278963,0.7594893821642138,0.6361539963314371,0.0069036035133615,0.12177278305038097,0.5217241357732846,0.2902096098899586,3.0949412484277588,0.5313977251391837,0.6813366318249191,0.5377818425785825,0.7408250402731937,0.10235275776358321,0.1202613944769837,0.3923542932861892,0.29762286992627196,3.095027108938666,0.5293982733273879,0.6814133352891076,0.5377947459928691,1.3769790366046308,0.10925636127694471,0.0015113885733972746,0.12936984248709535,0.007413260036313391,8.586051090723666e-05,0.0019994518117957935,7.670346418848798e-05,1.2903414286649967e-05
178,1.7900000000000014,0.37817329421758444,0.4576773185092004,0.7468063989716027,0.5963208280987689,0.013584272766644867,0.10767413891930064,0.5904488250842115,0.23379010553801835,3.082953037360922,0.5191164820878544,0.6694516386145936,0.5619205024227089,0.7406513024689048,0.11938388721318915,0.10620869236299768,0.4650188670748321,0.24092100115376525,3.083035355695756,0.5171755176270381,0.66952495885198,0.5619329432956874,1.3369721305676736,0.10579961444654429,0.0014654465563029577,0.12542995800937942,0.007130895615746898,8.231833483377164e-05,0.0019409644608163563,7.332023738647638e-05,1.2440872978592383e-05
179,1.8000000000000014,0.3731481061704728,0.45090262606896153,0.7342440953413344,0.5723082612143069,0.0002907964574280497,0.128495723896159,0.5039437626533463,0.2796593694878499,3.0782929809384623,0.5300230501615102,0.6695347369117303,0.5592938471614842,0.7257143114329665,0.10274065547855571,0.12707487406441942,0.38233639907775796,0.2865197241480928,3.078371916693868,0.5281389333540574,0.6696048339144909,0.5593058431986719,1.2980225726472734,0.10244985902112766,0.0014208498317395794,0.12160736357558836,0.006860354660242854,7.893575540602142e-05,0.0018841168074527927,7.009700276063396e-05,1.1996037187673678e-05
180,1.8100000000000014,0.3682276087394917,0.44419472002812643,0.7217994564310706,0.5333747388600887,0.02730381384790724,0.11318762366601097,0.5714415119664977,0.2256153928657709,3.0642206195174015,0.5153609386828862,0.6586748979922127,0.5848362958121159,0.7267352646085783,0.12650781200500205,0.11181006027618423,0.4535427079790679,0.23221648784237914,3.064296324533643,0.5135320700937882,0.6587419237257564,0.5848478639964014,1.260110003468667,0.09920399815709481,0.0013775633898267397,0.11789880398742979,0.006601094976608244,7.570501624157519e-05,0.0018288685890979958,6.702573354364141e-05,1.1568184285533753e-05
181,1.8200000000000014,0.3633991107232084,0.43755368728601224,0.7094806578226326,0.5086503690150899,0.011030748192725606,0.1423903656871291,0.4867659307478156,0.2659833558671497,3.058142798471438,0.5344546351220334,0.6581342023702986,0.5791410598136562,0.714563577050285,0.10708975681336597,0.1410548128769733,0.3724648342722503,0.27233595700818114,3.0582154172298033,0.5326794550055638,0.6581983011928969,0.5791522164363414,1.2232139460653748,0.09605900862064036,0.0013355528101557804,0.1143010964755653,0.00635260114103144,7.261875836520631e-05,0.0017751801164695455,6.409882259832227e-05,1.1156622685285443e-05
182,1.8300000000000014,0.35867919611412313,0.43097960412679476,0.6972892880562028,0.4768978461204163,0.045817103595039294,0.1260468774419749,0.535247940528404,0.19839381272474935,3.042939948559834,0.5475697768791149,0.6367885492505514,0.6025420548828133,0.710416001813428,0.13882904389174655,0.12475209316471592,0.4244368099862186,0.20450819583493285,3.0430096185591538,0.5458467645803466,0.6368498583105975,0.60255281557329,1.1873138479338443,0.09301194029670726,0.001294784277258993,0.11081113054218542,0.006114383110183502,6.96699993199883e-05,0.0017230122987682234,6.130906004608562e-05,1.076069047662831e-05
183,1.8400000000000014,0.35406159585353975,0.4244725356554555,0.6852369319269475,0.46623053623960864,0.02156490906155016,0.15965673998647356,0.5336382499487029,0.2762180583428025,3.0345591338082216,0.5125724707814001,0.6474572186685251,0.5920716236102199,0.686158584045188,0.11162482463987544,0.15840151539305225,0.4262123822954891,0.28210403324919753,3.0346259859215934,0.5109001441160217,0.6475158682806068,0.5920820033643395,1.1523891202847967,0.09005991557832528,0.0012552245934213235,0.1074258676532138,0.005885974906395036,6.685211337169062e-05,0.001672326665378447,5.864961208167241e-05,1.0379754119540367e-05
184,1.8500000000000014,0.3495533366619105,0.41803253526549616,0.6732928631681128,0.3982538310295023,0.04351127112539624,0.1578824025023259,0.5314029812485046,0.1955222970270195,3.0159256879991108,0.5117188002668599,0.684326847574552,0.6069307957316219,0.7201653435695334,0.1307113997754641,0.15666556131327525,0.42726064045200474,0.20118923039990477,3.0159898468118627,0.5100957148824818,0.6843829615754657,0.6069408089388162,1.1184191745990357,0.08720012865006785,0.0012168411890506586,0.10414234079649988,0.005666933372885277,6.415881275173102e-05,0.001623085384378042,5.611400091381814e-05,1.0013207194315952e-05
185,1.8600000000000014,0.34513870875447206,0.41165964414038153,0.6614718855780911,0.36574761903703146,0.021065020363482234,0.195654509315294,0.5110003304390527,0.27592000468653066,3.0021349366989885,0.48226344631343504,0.6746594959343613,0.5992357729935779,0.7196358375585987,0.10549486504169181,0.19447490718448535,0.41004267651806003,0.28137684168177657,3.002196520828875,0.4806881950353272,0.6747131920201355,0.5992454334627837,1.0853834565956302,0.08442984467820958,0.001179602130808641,0.1009576539209926,0.005456836995245898,6.158412988636372e-05,0.0015752512781078024,5.369608577417544e-05,9.660469205768073e-06
186,1.8700000000000014,0.34082898180498206,0.4053538907902491,0.64976466363504,0.3095568617808111,0.06513476868315157,0.18511576178068925,0.5683061199867097,0.2223660388471803,2.9917272572284856,0.49233075860149544,0.6481571494005376,0.6113709904431984,0.7437046159393503,0.14688116760225967,0.18397228565299883,0.47043713871607906,0.22762132363277487,2.9917863796290476,0.4908019707654603,0.6482085394454771,0.6113803114276379,1.0532614777201614,0.0817463989191081,0.0011434761276904227,0.09786898127063055,0.005255284785594594,5.912240056211864e-05,0.0015287878360351788,5.139004493949221e-05,9.320984439470906e-06
187,1.8800000000000014,0.33661659624805984,0.399115290625116,0.6382005083435491,0.298002669166479,0.06795434439122294,0.2038270755993741,0.4747148192303321,0.24628447238902887,2.9856189199156304,0.49620742236737797,0.6615344479038129,0.5952675447602568,0.7240301750935032,0.14710154014755972,0.202718643064145,0.3798412526048196,0.25134636761504225,2.98567568816361,0.49472376314224675,0.6615836382625275,0.5952765389811248,1.0220328442599822,0.07914719575633677,0.0011084325352290906,0.09487356662551252,0.00506189522601339,5.676824797978399e-05,0.0014836592251312106,4.9190358714613625e-05,8.99422086797408e-06
188,1.8900000000000015,0.33251063871418113,0.3929438455654387,0.626770165637954,0.2709108927399907,0.05377684341597637,0.1688042303416949,0.5250663638202984,0.2959610990302891,2.953313103469519,0.47318136675552264,0.6366402991567746,0.6270322846493344,0.7207663914523437,0.1304065510921646,0.16772978898370638,0.4330976413584722,0.30083740429836325,2.95336762003717,0.47174153645755723,0.636687390950101,0.6270409643184394,0.9916772841923344,0.07662970767618822,0.001074441357988498,0.0919687224618262,0.004876305268074169,5.451656765142121e-05,0.0014398302979653985,4.709179332635569e-05,8.679669104980448e-06
189,1.9000000000000015,0.3285292599897679,0.3868395436906622,0.6154937444784869,0.25192059422301205,0.04561091885799268,0.19539557858382892,0.4462218162880924,0.252279749376119,2.945548595824212,0.5069377249095707,0.6347968158007959,0.6144536474580223,0.7102540776468231,0.1198023930483032,0.19435410533333197,0.35706998724708683,0.2569779187615495,2.945600958337309,0.5055404583108611,0.6348419051864767,0.6144620242994279,0.9621746718698352,0.07419147419031052,0.0010414732504969559,0.08915182904100556,0.004698169385430482,5.236251309703489e-05,0.0013972665987095866,4.508938568069472e-05,8.376841405539087e-06
190,1.9100000000000015,0.324658506735189,0.3808023589260473,0.6043570110257687,0.22664505029836024,0.07724639463524319,0.17313112636558423,0.5214825140856102,0.22329566404575263,2.9143185736387,0.5290245686221802,0.6214282482317809,0.6222350320375337,0.7068600003476604,0.1490764953487087,0.1721216268488206,0.43506218064794666,0.22782282272237353,2.9143688751209993,0.527668634254951,0.6214714266607189,0.6222431173082441,0.9335050506460206,0.07183010071346552,0.001009499516763635,0.08642033343766353,0.0045271586766208885,5.030148229956846e-05,0.0013559343672291376,4.317842893801746e-05,8.085270710364842e-06
191,1.9200000000000015,0.32089568698283993,0.3748322507678758,0.5933875288219275,0.24158921006242473,0.06348828224440824,0.2140410071833624,0.4822974479314812,0.26579486632141386,2.9026863638311857,0.4783046803305601,0.637043414837189,0.609595018179607,0.6640594434793456,0.1330315396480728,0.21306251507485285,0.3985256994164956,0.2701578263367992,2.9027346929360647,0.4769888797891326,0.6370847692960524,0.6096028226893395,0.9056486535417704,0.06954325740366456,0.0009784921085095343,0.08377174851498558,0.004362960015385313,4.8329104878879986e-05,0.0013158005414274864,4.135445886339538e-05,7.804509732459172e-06
192,1.9300000000000015,0.31726164076720015,0.3689291640468718,0.5825558510953556,0.19272677264922689,0.07808681255100208,0.19025594524346648,0.5194454497295496,0.18903349461569352,2.8728813434860645,0.4662590739755115,0.6536827961290369,0.6115381546918499,0.6858591494019493,0.1454154905222822,0.189307521621231,0.43824179787407047,0.19323876986163668,2.872927784716012,0.46498224121751264,0.6537224093699479,0.6115456888219342,0.8785859220511761,0.06732867797128012,0.0009484236222354947,0.08120365185547913,0.0042052752459431604,4.644122994725321e-05,0.0012768327579988274,3.9613240910968e-05,7.534130084265059e-06
193,1.9400000000000015,0.313736510148909,0.3630930287295157,0.5719097577710658,0.23321048454134208,0.06756301953193362,0.22703463891971443,0.4973260804421783,0.23645894293294253,2.8565488518032836,0.4555654574524281,0.6843929709032565,0.6024464296885486,0.6190870386417373,0.13274717799504288,0.22611537162447348,0.41861239578793175,0.24051276335376315,2.8565934857178945,0.45432645810069516,0.6844309216612601,0.6024537034099922,0.8522975231830794,0.06518415846310925,0.0009192672952409534,0.07871368465424655,0.004053820420820602,4.4633914610825204e-05,0.0012389993517329132,3.795075800356124e-05,7.273721443651593e-06
194,1.9500000000000015,0.31034784464843324,0.3573237597567006,0.5614096738101797,0.18955924457586104,0.05287994883474549,0.21330049290061828,0.5787194371352586,0.22766375087173504,2.8236374562533855,0.45923566650699144,0.695327640081731,0.6321588248046756,0.6372051202561124,0.1159875048615504,0.21240949589991942,0.5024198865539802,0.2315720759506803,2.8236803596664686,0.45803339715348557,0.6953640032807016,0.6321658476954326,0.8267643648319735,0.06310755602680491,0.0008909970006988571,0.07629955058127841,0.003908325078945248,4.290341308306892e-05,0.0012022693535058502,3.6363198970615284e-05,7.022890757081977e-06
195,1.9600000000000015,0.3070828897312537,0.35162125691906665,0.5510810809715196,0.18762006405918463,0.03629909158502761,0.23910891013479244,0.4886274604687596,0.2160061795876621,2.821290642067166,0.47385143854867656,0.7067131238071952,0.6155721759897947,0.6143475455100997,0.097395879245596,0.238245322892908,0.4146684458501113,0.21977471114951186,2.8213318882335443,0.47268482606159523,0.7067479707548046,0.6155789572512731,0.8019676095692844,0.0610967876605684,0.0008635872418844391,0.07395901461864832,0.003768531561849749,4.12461663781457e-05,0.0011666124870813338,3.48469476093637e-05,6.7812614783787355e-06
196,1.9700000000000015,0.3039004439834017,0.3459854047681731,0.5408985984768846,0.18402378959722598,0.1006404532142767,0.21416977009197732,0.552917617752335,0.2289092109831913,2.811472728361372,0.45683743260849213,0.6973585726531069,0.6144194938296701,0.5938648973460658,0.1597902821667958,0.21333275694632903,0.48122771587441093,0.23254340534913354,2.8115123871539254,0.45570543344365433,0.6973919712254428,0.6144260423025116,0.7778886869432918,0.05914982895251911,0.0008370131456483088,0.07168990187792411,0.0036341943659422417,3.9658792553552394e-05,0.0011319991648377813,3.339857233598912e-05,6.548472841557468e-06
197,1.9800000000000015,0.30085428912703926,0.34041607256257805,0.530899081626831,0.18677027580944938,0.07316797770914404,0.26344733788259894,0.49113386148922084,0.19284200457121392,2.7979685378562476,0.48121240162299267,0.7121029091805325,0.6014277542376208,0.5677390285636648,0.13043269052286632,0.2626360874273814,0.42164376508662826,0.19634708410012536,2.7980066759337205,0.4801140011404641,0.7121349239969277,0.6014340784167871,0.7545093043731141,0.05726471281372228,0.0008112504552175096,0.06949009640259259,0.003505079528911426,3.813807747302669e-05,0.0010984004825285722,3.2014816395183426e-05,6.324179166257402e-06
198,1.9900000000000015,0.2978824712041818,0.33491311424774245,0.5210470085531683,0.18838768105571202,0.1421829451723125,0.25713773348935914,0.547009741160042,0.19337273769965563,2.7784610054398367,0.4491897120070754,0.7148495356650072,0.5925873954846682,0.5434237756635412,0.19762247338076122,0.25635145796695724,0.4796522012002242,0.1967537017480936,2.778497686405899,0.44812392379390076,0.7148802282536053,0.5925935035338625,0.7318114567192532,0.055439528208448725,0.0007862755224019103,0.06735753995981775,0.003380964048437951,3.6680966062141356e-05,0.0010657882131746837,3.0692588598164854e-05,6.108049194352944e-06
199,2.0000000000000013,0.29503613146050534,0.3294763684686373,0.5113790294248463,0.19833871460197572,0.13103537734533713,0.2827386049991037,0.4989536115324227,0.143362246755233,2.7538792279361246,0.49952899767002934,0.7294654493473601,0.5795340226498225,0.5114387200083002,0.18470779623021372,0.2819765396998264,0.43366338070700294,0.14662388208671473,2.753914512490155,0.49849486286984757,0.7294948783019208,0.5795399224152789,0.7097774346102759,0.05367241888487658,0.0007620652992772876,0.06529023082541972,0.0032616353314817146,3.528455403042412e-05,0.001034134800181754,2.942895456075543e-05,5.8997654563845e-06
200,2.010000000000001,0.2922786187863621,0.324105658613814,0.5018689801123272,0.20147218864567984,0.15968031257343532,0.29366992964053834,0.5647632530461612,0.1799269974819599,2.7418766035282567,0.45073693077350446,0.7192631662084379,0.579233231373302,0.4869176429565414,0.21164189468254335,0.29293133231112733,0.5014770304806007,0.18307388815446757,2.741910549608292,0.4497335174237378,0.7192913873368525,0.5792389303969685,0.6883898316022212,0.051961582109108034,0.0007385973294110109,0.06328622256556053,0.0031468906725076787,3.3946080035177416e-05,0.0010034133497666758,2.8221128414595627e-05,5.6990236665001205e-06
201,2.020000000000001,0.28963473714457844,0.31880079288966046,0.4925032240832565,0.15212001878150627,0.16620261822913898,0.32501191726572065,0.48996531484461603,0.14379922121333957,2.7219549633933386,0.48280283417535735,0.7283447280815809,0.5725740563460839,0.5155115314628347,0.21650788563420065,0.32429606752702966,0.42862169202635414,0.14683575797243975,2.721987626311602,0.4818292365525849,0.7283717945465469,0.5725795618782286,0.667631550244341,0.050305267405061665,0.0007158497386910038,0.06134362281826188,0.003036536759100172,3.266291826344869e-05,0.0009735976227724602,2.706646496598179e-05,5.505532144651111e-06
202,2.0300000000000007,0.2870831681108991,0.31356156442349276,0.4833066230964477,0.16734353030768934,0.18731743189122335,0.35585599807668367,0.5605871099939632,0.1579902508718475,2.7034858058343563,0.4594761714705273,0.695711335405426,0.5692098514748668,0.4801422768141492,0.23601920719374903,0.3551621968508698,0.5011265179164184,0.16092064007534645,2.703517238405766,0.4585315094445832,0.6957372978577041,0.5692151704861317,0.6474858071218386,0.04870177530252568,0.0006938012258138824,0.0594605920775448,0.0029303892034989476,3.143257140981965e-05,0.0009446620259440697,2.59624522781471e-05,5.319011264834884e-06
203,2.0400000000000005,0.28459718966795294,0.3083877513941158,0.4742329079691175,0.12501641824007437,0.2596123433138919,0.3983598038622253,0.5188088223026713,0.14029492023564624,2.682036510883453,0.47347680974236006,0.7006078724340326,0.5605850678308507,0.5029197187031968,0.30676179940928705,0.39768737280974165,0.46117347981999046,0.1431231923343148,2.682066763547482,0.4725602281396277,0.7006327791386866,0.5605902070237789,0.6279361369432712,0.047149456095395184,0.0006724310524836527,0.057635342482680846,0.002828272098668558,3.025266402884045e-05,0.0009165816027323426,2.4906704654082207e-05,5.139192928227016e-06
204,2.0500000000000003,0.2821682499712931,0.30327911718843653,0.4652682994914416,0.07132658774764133,0.32938592309758974,0.3798884218988235,0.5446341511150029,0.156344871520032,2.645791961265777,0.45839001359581594,0.66982403124258,0.5435848062835271,0.5376398079897626,0.3750326317094732,0.3792367028654553,0.48876801450023777,0.15907488911761902,2.645821082202019,0.4575006815721281,0.6698479281985783,0.5435897721035872,0.608966395737404,0.04564670861188345,0.0006517190333681675,0.055866136614765166,0.0027300175975870098,2.9120936242039417e-05,0.0008893320236878736,2.389695599819974e-05,4.9658200600920965e-06
205,2.06,0.2798324866595349,0.2982354105827094,0.45645179040245276,0.042071716858295694,0.3398174940566182,0.40317169696237404,0.46216160834656556,0.13606627662210807,2.623910915268491,0.4790361215735634,0.6762006433636994,0.5065045178860447,0.5484890463631018,0.38400947305490263,0.4025400514365174,0.40801032204399235,0.13870174213661812,2.623938950506272,0.4781732319970615,0.6762235744172358,0.5065093165321741,0.5905607632213975,0.04419197899828443,0.000631645525856659,0.05415128630257319,0.0026354655145100396,2.8035237780486756e-05,0.0008628895765018567,2.2931053536298625e-05,4.798646129408048e-06
206,2.07,0.27758380486087986,0.2932563659469676,0.44779399523999236,0.0410811454402632,0.34968284708370667,0.4073472680468864,0.5370457103560946,0.1856246118507361,2.6059778488309413,0.4511122204556881,0.6614654869231547,0.5082250488909587,0.5316225989590748,0.3924666066013742,0.4067350766272284,0.4845565589166654,0.18816907479777,2.606004842353286,0.4502749892999418,0.661487493875029,0.5082296863256488,0.572703744399338,0.04278375951766758,0.0006121914196580187,0.052489151439429275,0.002544462947033912,2.699352234489029e-05,0.000837231155746315,2.200695187437557e-05,4.6374346901836945e-06
207,2.0799999999999996,0.2754418980711607,0.288341703471203,0.43928147303183124,0.009442912280837268,0.36933999415777363,0.4229600588087518,0.47790380285375117,0.12676062812030844,2.5804232993215717,0.473365433117681,0.6716639072561774,0.4914853348764395,0.5648230827282532,0.4107605815224815,0.4223667206824757,0.42702566404113895,0.12921749203815125,2.580449293163838,0.47255309886531904,0.6716850299635553,0.49148981683538295,0.5553801704474159,0.04142058736470786,0.0005933381262761189,0.05087813881261224,0.002456863917842807,2.5993842266150034e-05,0.0008123342523619339,2.1122707377870213e-05,4.481958943491525e-06
208,2.0899999999999994,0.2733727092549396,0.2834911294118591,0.4309261018833248,0.0027721343708714263,0.37845475454044675,0.4387737150884346,0.5328949502021441,0.1958560104855553,2.562488226554963,0.4550638225496232,0.6489357925295979,0.4893921580680198,0.5413473333101138,0.4185557980381418,0.43819864752003923,0.4835782492555154,0.1982285395206418,2.562513260898413,0.45427564560668543,0.6489560690024518,0.48939649006933905,0.5385751989392423,0.040101043497695055,0.000575067568395367,0.04931670094662868,0.0023725290350865044,2.5034343450199786e-05,0.0007881769429377356,2.02764728539144e-05,4.332001319279349e-06
209,2.099999999999999,0.27144194406370004,0.2787043363572055,0.4227486339200354,0.03398214664373522,0.3454242463161616,0.4687376787277801,0.5165218780536244,0.1387916113491333,2.5232960166082155,0.4985612624859339,0.6768945411214392,0.49127486117195274,0.5562564601059421,0.3842479978047777,0.4681803165585734,0.46871854309210903,0.14108293651952408,2.5233201298688073,0.49779652460711077,0.6769140076139593,0.4912790485250298,0.5222743134622069,0.03882375148861611,0.0005573621692067218,0.04780333496151536,0.002291325170390808,2.4113260591821367e-05,0.0007647378788231585,1.9466492520091947e-05,4.187353077064479e-06
210,2.109999999999999,0.26955431248895934,0.27398100351018495,0.41473029091614616,0.0015436837358583366,0.3768973778417794,0.49222134574741355,0.5651440107108638,0.17576608858502452,2.4854885311110126,0.4849772059790208,0.6605942899488985,0.47908330927523163,0.504919638937281,0.4144847542338539,0.4916811409057118,0.5188074292636884,0.17797921373858117,2.4855117600236554,0.4842352097039111,0.6606129810461425,0.4790873570891563,0.5064633226731393,0.037587376392074504,0.0005402048417017306,0.04633658144717542,0.0022131251535566464,2.3228912642930465e-05,0.0007419962751096991,1.8691097244101024e-05,4.0478139246522125e-06
211,2.1199999999999988,0.2677701877760233,0.26932079698733924,0.4068699668205596,0.03423245460536484,0.39699440583057416,0.5249169559304625,0.5132110365704887,0.11141750243262775,2.4645260858935667,0.509376777618604,0.6802010638235543,0.4733622832211719,0.5253608134444221,0.4333850294642616,0.5243933769525029,0.4682960132158769,0.1135553099156823,2.464548465592088,0.5086568457190879,0.6802190125235938,0.47336619641282596,0.49112835883905726,0.03639062363368744,0.0005235789779596229,0.04491502335461186,0.0021378074830545432,2.2379698521605365e-05,0.0007199318995160805,1.79487000395545e-05,3.913191654057921e-06
212,2.1299999999999986,0.26603117656616626,0.2647233701324612,0.39915980507983306,0.019544261693546006,0.4173368593911143,0.5766837849740162,0.5294789160676507,0.17996888402292335,2.4369874824887576,0.5045615992376871,0.6643409340535749,0.4668068172101687,0.49580013759987196,0.45256909730960615,0.576176316535566,0.48594163116285927,0.18203414007439278,2.4370090465818066,0.5038630741764791,0.6643581718453788,0.46681060051196255,0.47625587590632595,0.035232237918491845,0.000507468438450174,0.043537284904791425,0.002065256051469424,2.1564093048863545e-05,0.0006985250612079478,1.723779180394917e-05,3.7833017938477325e-06
213,2.1399999999999983,0.2643907402955917,0.26018836384362376,0.39162601710607947,0.02309955578665779,0.4152827687596205,0.6150060902127269,0.4995392175622649,0.11866100153996668,2.3994296842586462,0.5454023256152509,0.6857585025490462,0.4834673217905627,0.4849322029258474,0.44939377091941424,0.614514232671354,0.4573371870465053,0.12065636142506264,2.399450464901747,0.5447245690156706,0.6857750594863319,0.4834709797578398,0.4618326471391896,0.03411100215979372,0.0004918575413728805,0.04220203051575962,0.00199535988509596,2.0780643100885517e-05,0.0006777565995803625,1.6556937285592437e-05,3.65796727714697e-06
214,2.149999999999998,0.2628092128406296,0.255715406912294,0.3842468987241093,0.018363565515718216,0.42335107066598276,0.6382855280599433,0.5472785467410499,0.18881737581371041,2.3791546504187315,0.5095758600063275,0.6834611120712496,0.47692319547008477,0.46620932788209757,0.45637680709478445,0.6378087970078923,0.5063705829925311,0.1907453887106385,2.3791746783826966,0.5089182521332987,0.6834770168425166,0.4769267324882094,0.44784576236637935,0.033025736428801675,0.00047673105205101117,0.040907963748518794,0.0019280128969281036,2.0027963965046664e-05,0.0006576078730288145,1.5904771266990854e-05,3.537018124598652e-06
215,2.159999999999998,0.2612993813462763,0.251304116373264,0.3770411463423008,0.0030468165167499284,0.43821907661643716,0.6411232579752738,0.4985732372406089,0.12887190146593472,2.354691466762614,0.5534121513586423,0.6827451365714996,0.5012481856593872,0.43732944138901075,0.4701943735417444,0.6406611838028766,0.4589194109685195,0.1307350151182618,2.354710771498503,0.5527740906109102,0.6827604165664525,0.5012516059505288,0.4342826248722608,0.03197529692530727,0.0004620741723972311,0.039653826272089424,0.0018631136523270914,1.9304735888741504e-05,0.0006380607477320947,1.5279994952884374e-05,3.4202911415865166e-06
216,2.1699999999999977,0.2598343878962617,0.24695409786416797,0.36998643415285265,0.007618988050991038,0.4536294215591171,0.6762377391851337,0.5449993496254488,0.18366471630419717,2.3213195509902738,0.5591604628453295,0.6432942105786129,0.5060431408844692,0.4135119599159225,0.48458799652871676,0.675789866654668,0.5065609527773631,0.18546528145088814,2.3213381606910843,0.5585413652588613,0.6433088919511647,0.5060464485140983,0.4211309479669135,0.03095857496959962,0.0004478725304657845,0.038438396848085726,0.001800565146690968,1.8609700810580084e-05,0.0006190975864681864,1.4681372551752832e-05,3.3076296290671436e-06
217,2.1799999999999975,0.25843030834364683,0.24266494599340993,0.36310511633936626,0.033565274610027784,0.4766935699208,0.6850400738938235,0.5558585415201728,0.10877913234420726,2.2836140227236843,0.5702311455783559,0.6382873374795766,0.5306521224618587,0.3748134766574367,0.5066680659365375,0.6846059617237188,0.5185980511851085,0.11051940693869255,2.2836319643829484,0.5696304443408735,0.6383014452076168,0.5306553213449661,0.4083787512674645,0.029974496015737505,0.0004341121701046594,0.03726049033506432,0.0017402745944852917,1.7941659264096307e-05,0.000600701237482319,1.4107728040230464e-05,3.1988831073853134e-06
218,2.1899999999999973,0.2570480126855418,0.23843624471534533,0.35636336570836835,0.046563822431399615,0.5012820884593981,0.7248456987124441,0.5330551656560544,0.17398232158028015,2.26899929216087,0.5466768873189383,0.5968308935962449,0.5270278869186046,0.34945053428964457,0.5303041071456391,0.7244249191717245,0.4969362089432252,0.17566447480930947,2.269016591628315,0.5460940322955139,0.5968444515383453,0.527030980825657,0.3960143567210442,0.029022018686241005,0.0004207795407196706,0.0361189567128292,0.0016821532290293227,1.729946744464244e-05,0.0005828550234244167,1.355794210044147e-05,3.093907052474987e-06
219,2.199999999999997,0.25572184871803727,0.23426756771161925,0.34978091756095986,0.0515285919993847,0.5295742101314495,0.7327427146953193,0.535794679471145,0.10890285737171415,2.221666691436593,0.5692529559092214,0.5849370641297453,0.5688742784937642,0.33249779239849886,0.5576743439596612,0.7323348532081582,0.5007819993443263,0.110528973484179,2.2216833734710235,0.56868741317885,0.5849500950789661,0.5688772710564081,0.38402638439788356,0.02810013382821176,0.00040786148716106,0.035012680126818706,0.0016261161124648473,1.668203443064733e-05,0.0005655427303714579,1.3030949220814374e-05,2.9925626438750575e-06
220,2.209999999999997,0.2544564261840336,0.23015847877761064,0.3433769447526445,0.08065075952864231,0.5003747122381571,0.7657346499909928,0.4916058885686352,0.0914125716756266,2.189429092295161,0.6032862687780569,0.5616622312307067,0.6067920201253607,0.29175298855261644,0.5275825758290011,0.7653393047512509,0.4576653106159938,0.0929846536309924,2.1894451806147117,0.6027375201811083,0.5616747569656582,0.6067949148418847,0.37240374808125876,0.027207863590844043,0.00039534523974197445,0.03394057795264141,0.0015720819553658074,1.6088319550895638e-05,0.0005487485969486417,1.252573495145135e-05,2.8947165240152074e-06
221,2.2199999999999966,0.25319867719458794,0.22610853221295762,0.3371039856189473,0.0942526312413079,0.5507785481717592,0.800220342996556,0.494588669176072,0.11640445801508015,2.1574769953034356,0.565591277544227,0.5303230925983522,0.6477329581238652,0.2668830194379552,0.5771228086960036,0.7998371245921589,0.46168706929529435,0.11792443096055649,2.1574925126333255,0.5650588202406652,0.5303351339316578,0.6477357583644334,0.3611356506792631,0.026344260524244434,0.0003832184043970218,0.03290159988077768,0.001519972945476342,1.5517329889935936e-05,0.0005324573035617728,1.2041333305616184e-05,2.8002405682518827e-06
222,2.2299999999999964,0.25200336561467895,0.22211727321521807,0.33100265226042497,0.10789811243559921,0.5348751862947445,0.8119928937532387,0.47804906337550307,0.07408819307982292,2.116230292140514,0.5814784441886175,0.5022794245915703,0.7125432657796177,0.24231346704618772,0.5603835929941852,0.8116214248002507,0.4461543363540841,0.07555790766491555,2.116245260258438,0.5809617902268656,0.5022910014158697,0.7125459747912828,0.35021157948178694,0.02550840669944069,0.0003714689529880563,0.03189472702141897,0.00146971458509262,1.4968117924156725e-05,0.0005166539617519041,1.1576824299368321e-05,2.709011665158128e-06
223,2.239999999999996,0.25085566607423054,0.21818423827572195,0.32505342358014233,0.10668048954057574,0.5150841480834216,0.8114986723444627,0.48157817986945595,0.1635349221120729,2.1085092622659225,0.5598816191498215,0.48387138160201104,0.7372609642091658,0.23294081174390158,0.5397835609328467,0.8111385871306993,0.4506592088400794,0.16495615764870308,2.108523702045204,0.5593802950461395,0.4838825129336328,0.7372635851206724,0.3396213012844773,0.024699412849425145,0.00036008521376337316,0.030918971029376564,0.00142123553663017,1.4439779281472914e-05,0.0005013241036820026,1.1131331621807525e-05,2.620911506594031e-06
224,2.249999999999996,0.249746325617628,0.21430895557675791,0.3192528750888242,0.10756704792566452,0.5481601539048516,0.8320815190117952,0.43458818771514046,0.0975216984554212,2.0778073938563955,0.5666603222166297,0.4677596657393902,0.7632661274014039,0.22178780947433552,0.5720765714359004,0.8317324631498195,0.40461481446618563,0.09889616593136452,2.0778213253070135,0.5661738685448654,0.467770369759819,0.763268663227791,0.32935485740000003,0.0239164175310488,0.00034905586197559656,0.029973373248954844,0.0013744674759433178,1.3931450617951444e-05,0.00048645367176423666,1.070402042880839e-05,2.535826387106045e-06
225,2.259999999999996,0.24867264278893852,0.21049094538925955,0.31360260528036144,0.1177401251617688,0.5325255213101532,0.8149985112134011,0.4619225405594177,0.17640525877401672,2.063032768865454,0.5457308642575502,0.44940991405253167,0.7953398414634463,0.20166243341373047,0.5556841076177079,0.8146601413027383,0.4328655366807652,0.17773460372700356,2.0630462111730594,0.5452588352491148,0.44942020814778516,0.7953422951104585,0.31940255857549926,0.023158586307554692,0.0003383699106627183,0.029057003878652524,0.0013293449529868475,1.3442307605067038e-05,0.0004720290084354137,1.0294095253514721e-05,2.4536470122244967e-06
226,2.2699999999999956,0.2476518966871505,0.20672972047020383,0.3081109870508293,0.11570350076433,0.5540554204441303,0.8428702310789136,0.4468350230098376,0.09116015463059614,2.030524590678058,0.5461736374474846,0.44227034425188755,0.8075215335051142,0.19405147906945786,0.5764805313956458,0.8425422143773176,0.4186660618543101,0.09244595989002846,2.0305375622410793,0.5457156006013975,0.4422802450499148,0.8075239077734295,0.30975497983378786,0.02242511095151554,0.00032801670159600816,0.028168961155527472,0.0012858052594323275,1.2971563021623538e-05,0.00045803684608709355,9.900798027234957e-06,2.3742683152485345e-06
227,2.2799999999999954,0.24667209161606507,0.20302478645898892,0.30277560873852594,0.1261941399649621,0.5176057904191479,0.8393261254009832,0.4387935628340286,0.17715182348410952,2.0323545906523863,0.5348132897914677,0.42054500184907906,0.8205575557784581,0.17420881528960308,0.5393209990870673,0.8390081395045854,0.4114851922749949,0.17839561178698204,2.032367109117331,0.5343688254943117,0.4205545252552838,0.8205598533677403,0.3004029552545652,0.021715208667919466,0.0003179858963978078,0.027308370559033658,0.0012437883028725146,1.2518464944701891e-05,0.00044446429715599116,9.523406204729316e-06,2.2975892821267404e-06
228,2.289999999999995,0.2457524399332295,0.19937564227208876,0.29757889639099316,0.07694013941677946,0.5664252451820541,0.8413851666130958,0.422869315654426,0.11448816978671429,1.9948829426576773,0.5487508224163699,0.42438291222061136,0.837611360640803,0.21439743329392513,0.5874533665191848,0.8410768991452642,0.39639493162030703,0.11569140627398156,1.9948950249527115,0.5483195235719904,0.42439207345159957,0.837613584153587,0.2913375727107046,0.021028121337130716,0.0003082674678316042,0.026474384034118944,0.00120323648726726,1.2082295034303707e-05,0.0004312988443794518,9.16123098821084e-06,2.2235127840599705e-06
229,2.299999999999995,0.24485984746686779,0.1957817804953353,0.2925401329118845,0.10816057239634008,0.5192360182086063,0.8517795543862373,0.4011488007451161,0.18203305875452772,1.990091619929425,0.5365261116519197,0.4011483653367722,0.8547812318638455,0.17438959617720684,0.5395991329860408,0.8514807026949711,0.3754826215117646,0.1831971533538308,1.9901032822963316,0.5361075833206996,0.40115717895241687,0.8547833838092629,0.2825501685735469,0.020363114777434504,0.00029885169126618984,0.02566617923335154,0.0011640945993030706,1.1662366906650246e-05,0.0004185283312200032,8.813615644694978e-06,2.1519454174703222e-06
230,2.3099999999999947,0.24400231049244572,0.19224268777322034,0.2876287081474895,0.07311167437846278,0.5892387116107697,0.8536542493186826,0.40000658407524525,0.12434416614631237,1.9598850794782774,0.5342023574301022,0.3934402310097188,0.8679020938180604,0.20092064802156528,0.608958189637633,0.8533645201823674,0.3751236252974195,0.1254704758466687,1.9598963375028688,0.53379621647764,0.39344871094363043,0.8679041766154114,0.27403232240002806,0.019719478026863305,0.00028972913631519304,0.02488295877782576,0.001126309700356331,1.1258024591372708e-05,0.0004061409524622886,8.47993391162841e-06,2.082797350996864e-06
231,2.3199999999999945,0.24318318395211438,0.18875784519463876,0.28288103990535207,0.09697642605811929,0.5285221470756787,0.8546690560045339,0.3534147732237718,0.17399770807701967,1.9551690282921914,0.5578440575715478,0.3993087739196033,0.8729975093266626,0.1687994255553349,0.5476186697196681,0.8543881653458811,0.3292908236871881,0.17508753910078667,1.9551798969332594,0.5574499323265627,0.3993169335080893,0.8729995253088418,0.2657758516134542,0.019096522643989398,0.0002808906586527993,0.024123949536583686,0.0010898310237670034,1.0868641068089836e-05,0.0003941252449850306,8.15958848600751e-06,2.015982179194556e-06
232,2.3299999999999943,0.2423690136055157,0.18532672867455646,0.27825814431342816,0.10278534331246963,0.5919764123697767,0.8554942199244329,0.392457461911218,0.12457333771572948,1.9208469775933055,0.5391683310688842,0.3942200425155094,0.8896531754531287,0.15498746287630638,0.6104699943971355,0.8552218925324269,0.3690690599869413,0.125627947592875,1.9208574712101836,0.5387858609901741,0.3942278945251019,0.8896551268699113,0.257772806188776,0.018493582027358776,0.0002723273920060083,0.02338840192427674,0.0010546098771455005,1.0493616878115065e-05,0.0003824700787100874,7.852009592460193e-06,1.951416782628009e-06
233,2.339999999999994,0.2415883438634928,0.18194880933109875,0.2737821871658158,0.1046165177246165,0.5479532011479268,0.8484253209654307,0.35001118684023813,0.20033229251573745,1.916296285784196,0.5371370661359821,0.392073944577961,0.9087082802645746,0.14539894562767586,0.56586321190116,0.8481612902251072,0.32733559762345976,0.20135289206518792,1.9163064181630034,0.536765901488252,0.392081501231587,0.9087101692857686,0.25001546335229236,0.017910010753233136,0.00026403074032341835,0.022675589216778386,0.0010205995494504817,1.0132378807268741e-05,0.0003711646477301266,7.556653626015849e-06,1.889021194066252e-06
234,2.349999999999994,0.2409251934632388,0.17862355385761453,0.26948141234101164,0.026373038384112313,0.5422155143220346,0.8546927464445335,0.3743533643863577,0.14203107682930421,1.8915875282927292,0.5378337520204275,0.39399872670208425,0.9252826097279264,0.21612328392075142,0.5595606982533354,0.8544367540744133,0.35236855750190443,0.1430188320518937,1.8915973126713652,0.5374735535588115,0.3940059997039498,0.925284438446397,0.24249632230486373,0.017345183931300853,0.00025599237012014197,0.02198480688445323,0.0009877552225894882,9.78437863599064e-06,0.00036019846161593325,7.27300186552242e-06,1.8287184704983426e-06
235,2.3599999999999937,0.24033548628919654,0.1753504248893032,0.26536056340254144,0.02081098885192406,0.47736553514852953,0.8389053512794447,0.33505392074717094,0.10566719623635178,1.8711079572290379,0.5500908693089029,0.4110601264944302,0.9676309001321017,0.21439711012499174,0.494164031726541,0.8386571470764466,0.31373854880439467,0.1066232301236596,1.871117406320991,0.549741307971999,0.4110671270536841,0.9676326705666725,0.2352080989769158,0.01679849657801144,0.00024820420299814723,0.021315371942776287,0.0009560338873078214,9.44909195315634e-06,0.0003495613369039382,7.00055925389371e-06,1.7704345707030262e-06
236,2.3699999999999934,0.23980402779424348,0.17212888136400703,0.2613867645358536,0.01876181844210925,0.4777028633880872,0.8415868487775633,0.40392735078756903,0.1266566990592731,1.822308754357582,0.525636705164827,0.41616367595316023,0.9932899625574064,0.24690553926484426,0.4939722263952717,0.8413461903692223,0.383260728467576,0.12758209332241677,1.8223178803746123,0.5252974617760628,0.4161704148064018,0.9932916766556446,0.228143720822735,0.016269363007184498,0.0002406584083410053,0.020666622319993038,0.0009253942631436618,9.12601703019787e-06,0.00033924338876412607,6.738853241579784e-06,1.7140982381181128e-06
237,2.3799999999999932,0.23924901087089734,0.16895837887684512,0.25754905552826685,0.05182643977803397,0.45439516871323793,0.8449459494289959,0.3522133476907903,0.10247610992498636,1.8226954431772486,0.5255894487780939,0.4311752258439111,0.995205779448538,0.16946988188283285,0.4701523849507794,0.8447126020328142,0.3321754314492864,0.10337190664722584,1.8227042578510009,0.5252602137552458,0.43118171327660093,0.9952074390894268,0.22129632166086682,0.015757216237541425,0.00023334739618179732,0.020037916241503896,0.0008957967222394797,8.814673752314643e-06,0.000329235022848118,6.487432689852607e-06,1.6596408887671654e-06
238,2.389999999999993,0.23875755349408112,0.1658383700283509,0.2538619355306982,0.009217582758230702,0.4447840718219897,0.8447732138104644,0.42750598864375183,0.14340252357530647,1.797694604799682,0.5064321937206591,0.4234416841907606,0.9843145268102108,0.20544165380852064,0.46004557923879474,0.8445469500002218,0.40807735701309866,0.14426972679211758,1.7977031194022857,0.5061126667933422,0.4234479300575913,0.9843161338067148,0.21465923656675134,0.01526150741680506,0.0002262638102426511,0.01942863163065315,0.0008672032168110954,8.5146026037365e-06,0.00031952692731689205,6.245866830686622e-06,1.606996504012705e-06
239,2.399999999999993,0.2382689623290458,0.16276830476584667,0.2503157921605199,0.04734797547303102,0.4234961869242929,0.847698281810279,0.363058496140517,0.0872554019361762,1.7936202879254457,0.5197517267792227,0.4335059305469599,0.9859826635149839,0.16087802135007223,0.4382778921863064,0.8474788812891347,0.34422033061491675,0.08809497914626263,1.7936285132891499,0.5194416167141753,0.43351194429124007,0.9859842196165118,0.20822599682310325,0.014781705262013476,0.00021940052114421312,0.01883816552560025,0.0008395772100864282,8.225363704167162e-06,0.0003101100650472908,6.0137442801915915e-06,1.5561015279158016e-06
240,2.4099999999999926,0.23780448675049723,0.15974763071779255,0.2469006075719329,0.03424805480795012,0.39698400010656054,0.825928893904591,0.35737962361287845,0.1802697074255657,1.7895095645539043,0.5183082529369698,0.43184393269683863,0.9935347269198971,0.16774227012501797,0.41130129562225193,0.8257161432848079,0.3391136901009304,0.1810825910361018,1.789517511089798,0.5180072772709536,0.43184972336894134,0.993536233814666,0.2019903249329681,0.014317295515691407,0.00021275061978313347,0.01826593351194807,0.0008128836105361102,7.946535893692411e-06,0.00030097566601619514,5.790672102722546e-06,1.5068947689925219e-06
241,2.4199999999999924,0.2373363886805452,0.15677579352088988,0.24359948000730083,0.03933260927321702,0.45423466668897755,0.8315568246809143,0.36918853874443003,0.10985424884357868,1.7580368114196365,0.51949254255386,0.45101829076600786,1.0055174752848446,0.15661352042661747,0.46810244710650295,0.8313505172700388,0.3514771695736272,0.11064133755280636,1.7580444891355,0.519200427333999,0.4510238670409308,1.0055189346021507,0.1959461296998345,0.013867780417525384,0.00020630741087550563,0.01771136917080282,0.0007870887092276817,7.677715863586658e-06,0.0002921152198610005,5.57627492295e-06,1.4593173061674085e-06
242,2.429999999999992,0.23692281021458803,0.15385223713973617,0.24045493698439596,0.020932729694986024,0.386278877959389,0.8074784151444248,0.31379097433900605,0.1379153639042437,1.7539490348335076,0.5244135047796176,0.44234535327374214,1.031479678464697,0.16915477168367943,0.39971155615057796,0.8072783507377608,0.29661705079706735,0.13867752402438782,1.7539564533508383,0.5241299843110028,0.44235072346782545,1.0314810917770956,0.19008750137866545,0.013432678191188992,0.00020006440666403373,0.017173923541938703,0.0007621601201441168,7.418517330590829e-06,0.000283520468614798,5.370194083323033e-06,1.413312398733714e-06
243,2.439999999999992,0.23652952168882932,0.1509764041788662,0.23743579474611703,0.007525536905695573,0.4312848219866652,0.8102397661761384,0.3454126018220635,0.0647807461060798,1.7207418607955816,0.5196839503875227,0.4581733245198617,1.0450417791876645,0.17688316999556264,0.44429634453263134,0.8100457508553518,0.32875953722032136,0.06551881282939576,1.7207490293658338,0.5194087669879082,0.4581784966067062,1.0450431480130646,0.1844087069012582,0.013011522545966148,0.00019401532078658826,0.016653064601742134,0.0007380667233159538,7.1685702523672315e-06,0.00027518339961448617,5.172086844499055e-06,1.3688254001390014e-06
244,2.4499999999999917,0.23617583839755,0.14814773618702956,0.23455804720371057,0.010232063448743445,0.38283725957817644,0.7703485963241439,0.3240483564234977,0.13350620298145527,1.725971245271574,0.51913364565194,0.4525470297637171,1.0706892333323073,0.18913624862761935,0.3954411217710003,0.7701604422618402,0.30790007966788835,0.13422098159207962,1.725978172791656,0.5188665494133602,0.45255201138934353,1.0706905591359828,0.1789041851788759,0.012603862192823877,0.00018815406230368638,0.016148276755609363,0.0007147786106243662,6.9275200819621876e-06,0.0002670962385798393,4.9816256264475064e-06,1.3258036754233947e-06
245,2.4599999999999915,0.2358900116625843,0.14536567395357933,0.2318449044682935,0.03775687253977361,0.35980517777679444,0.7797195797750472,0.31579420451889384,0.04170694716816517,1.7111775825796032,0.5278290047280678,0.46137538162696357,1.0680752049765865,0.21132541502447566,0.3720144381513819,0.7795371050451649,0.3001351441744191,0.0423992142023053,1.7111842776066624,0.5275697532852064,0.46138018012425164,1.0680764891731087,0.17356854248470205,0.01220926037458747,0.0001824747298823445,0.01565906034447475,0.0006922670341401348,6.6950270592251925e-06,0.0002592514428614201,4.7984972880603615e-06,1.2841965221457153e-06
246,2.4699999999999913,0.2356391029408578,0.14262965779687642,0.22926092290204,0.06923249742841853,0.3352461147144022,0.760914292989337,0.3091872938339818,0.131808978526484,1.7076264489497146,0.5247932978832308,0.45444942023347307,1.0786019954547637,0.2376290453466936,0.34707340912427753,0.7607373213832034,0.2940023626688344,0.13247948288335465,1.7076329197152518,0.5245416561883758,0.45445404263591627,1.0786032394098584,0.16839654791827507,0.011827294409875318,0.00017697160613366742,0.015184931165147431,0.0006705043568706696,6.4707655372451514e-06,0.00025164169485508014,4.622402443221748e-06,1.2439550946407127e-06
247,2.479999999999991,0.2354179821802912,0.13993912784462587,0.22680260737309899,0.09659809031742697,0.3803325249830232,0.7596322104177645,0.32846522749099144,0.05391445469814016,1.6851946677095935,0.518918434852267,0.4768343672462431,1.078344175341899,0.2599812192711397,0.39179008023347706,0.759460571265663,0.31373980748685426,0.05456391870393418,1.6852009221329354,0.5186741749566863,0.4768388203010545,1.0783453803742304,0.16338312895371274,0.01145755525045385,0.0001716391521014653,0.014725420004137155,0.0006494640057940211,6.254423341969646e-06,0.000244259895580674,4.453054811400575e-06,1.2050323314578012e-06
248,2.489999999999991,0.23518522258654342,0.13729352430608388,0.22445474357225237,0.06767855144862614,0.33017680431155105,0.7585012990728385,0.2785841262962153,0.11026692826196297,1.6867247110142425,0.5242926836596066,0.46802828006233904,1.1024276075485822,0.2262019185218378,0.34127645136322826,0.7583348270709394,0.26430405411156244,0.11089604868902825,1.6867307567154057,0.5240555845011841,0.46803257024294,1.102428774931468,0.15852336707321166,0.011099647051677215,0.00016647200189913826,0.01428007218465289,0.0006291204270652802,6.045701163272836e-06,0.0002370991584225033,4.290180600936869e-06,1.1673828858388643e-06
249,2.4999999999999907,0.23499784928134967,0.1346922877360974,0.22223420279956652,0.11907831698211,0.3686104165521849,0.7616637205703599,0.30282595570150506,0.04911044860852525,1.6425073705895794,0.5170502102656388,0.4688137851962708,1.10230237270022,0.27289081046910724,0.37936360330786556,0.7615022556128679,0.28897750857504434,0.04971989765181206,1.6425132149015553,0.5168200574626098,0.4688179187141941,1.1023035036632791,0.15381249348699724,0.010753186755680643,0.00016146495749201484,0.01384844712646073,0.0006094490432868114,5.844311975831803e-06,0.00023015280302892614,4.133517923292034e-06,1.1309630590993292e-06
250,2.5099999999999905,0.234796045124542,0.1321348592909555,0.22011561757796566,0.09332221361370188,0.3240656851251103,0.7487419944559892,0.26439866839206294,0.11914479758138365,1.6538856902086594,0.5168864880205934,0.46127218580589807,1.1214406509819255,0.24256809855432948,0.3344834888121113,0.7485853814723669,0.25096855047377176,0.11973522379412316,1.6538913401891477,0.516663073671225,0.4612761686221347,1.1214417467126623,0.1492458849406276,0.010417803687000996,0.00015661298362230604,0.01343011791829117,0.0005904262127395076,5.649980488259908e-06,0.00022341434936848522,3.9828162366282005e-06,1.095730736783069e-06
251,2.5199999999999902,0.2346287209445305,0.12962068097603555,0.21812453752347397,0.11678528913298475,0.34194354687177625,0.7476383038646865,0.2699419488610538,0.024988757378780507,1.6403215835424128,0.5093801650893338,0.46986096149238943,1.1109486582614572,0.2616043487432762,0.35203668603207916,0.7474863926618127,0.2569172779585642,0.025560786569258198,1.6403270459850319,0.5091632875773939,0.4698647993282066,1.1109497199067846,0.14481905961029146,0.010093139160302887,0.000151911202873792,0.013024670902489594,0.0005720291904776926,5.46244261903005e-06,0.00021687751193983943,3.837835817171061e-06,1.0616453274678224e-06
252,2.52999999999999,0.23446162330059928,0.12714919588526488,0.21623316187621205,0.11906916817049129,0.31492905628595924,0.7391411389980248,0.245156683876096,0.1160154744258739,1.6408199669947985,0.5145706260896228,0.461403111549032,1.1251111813834525,0.2595968412570073,0.32470790238585323,0.7389937841071514,0.23252497860448784,0.11656971051706932,1.6408252484397963,0.5143600898954901,0.4614068098962889,1.1251122100511566,0.14052767308651604,0.00977884609989399,0.00014735489087336123,0.012631705271608156,0.0005542360911954266,5.281444997799658e-06,0.00021053619413274478,3.698347256894689e-06,1.028667704103542e-06
253,2.53999999999999,0.23430273202288254,0.12471984843240917,0.2144481217081513,0.1216369457681101,0.33799700928298193,0.7355458201010346,0.23642209365598724,0.020736905256268135,1.6374210764652637,0.5253114637774221,0.45473124152753175,1.1131217930111483,0.258004460214579,0.34747159795369953,0.7354028806294082,0.2241712609793467,0.02127393111004494,1.6374261832097545,0.5251070792946848,0.45473480565851787,1.113122789771296,0.1363675144464689,0.00947458867071761,0.00014293947162649027,0.012250832676640528,0.0005370258537768047,5.106744490824758e-06,0.00020438448273727135,3.5641309861469944e-06,9.967601477715732e-07
254,2.5499999999999896,0.23413245964574342,0.12233208457423472,0.21274636039689251,0.12166403765779452,0.33840978936215854,0.7337895997464684,0.2699460499191635,0.10947217582549484,1.6196523610243372,0.5304730454133108,0.43802833127396784,1.1315528429229642,0.25399854007264366,0.34758983128267573,0.7336509392334847,0.2580643730725569,0.10999255403294228,1.6196572991320863,0.5302746287707123,0.43803176625078777,1.131553808809258,0.13233450241484915,0.009180041920517214,0.00013866051298376262,0.011881676846606577,0.0005203782074474293,4.938107749220809e-06,0.00019841664259842248,3.434976819909032e-06,9.658862937578515e-07
255,2.5599999999999894,0.23395905847799595,0.11998535202558583,0.21114131514012835,0.10953835382030783,0.3093449831883412,0.7412912749511573,0.18777140164959227,0.06702585322440915,1.6278415975850953,0.523013975381058,0.4489743913008777,1.122299676379893,0.23796303543349495,0.31823987462121295,0.7411567612289218,0.1762475284303946,0.06753012686385773,1.627846372895874,0.5228213482696447,0.4489777019844041,1.1223006123909727,0.12842468161318712,0.008894891432871772,0.0001345137222355219,0.011523873219197674,0.0005042736394485791,4.7753107788952585e-06,0.00019262711141328846,3.31068352645301e-06,9.360110798382681e-07
256,2.569999999999989,0.23376414482341942,0.11767910046644016,0.20960750774885792,0.10009316557967197,0.3160520489225272,0.7420363179279866,0.23683008240421005,0.12870876406276643,1.5906531018545014,0.5488901744660356,0.42980795008239997,1.1557498654658378,0.22472738447686424,0.3246708819133346,0.7419058229861548,0.22565301382201142,0.12919745742692612,1.5906577199930325,0.5487031639713678,0.4298111411408172,1.1557507725665346,0.12463421889719227,0.008618832990807401,0.00013049494183176095,0.011177068582198645,0.0004886933641596791,4.6181385310398715e-06,0.00018701049466785975,3.1910584172305925e-06,9.071006966790087e-07
257,2.579999999999989,0.23357217328981922,0.1154127817410172,0.20816144006373052,0.11035102155007351,0.3498596851933588,0.7365036029184487,0.2148578452373682,0.049685337347499935,1.5924260752565667,0.5556362144263025,0.4611509553374525,1.1232717397383973,0.2313104213317274,0.35821125744405435,0.7363770027732244,0.2040169245119614,0.050158956641098484,1.592430541641079,0.5554546528655919,0.46115403125440935,1.1232726188609377,0.1209593997816539,0.008351572250695528,0.00012660014522436477,0.0108409207254068,0.00047361929359855285,4.466384512130683e-06,0.00018156156071060447,3.0759169568864765e-06,8.791225402593356e-07
258,2.5899999999999888,0.23337464453863146,0.1131858500490108,0.20680083539319996,0.09704025974800445,0.2974401944174074,0.7351380676623939,0.22375930218841403,0.12895051909554614,1.5896275788274954,0.5601075926894072,0.44419858318854705,1.1393145357710022,0.21443688470026245,0.3055330188435619,0.735015242229565,0.21324420408564038,0.12940955310477875,1.5896318986779079,0.5599313174534473,0.4442015482709394,1.1393153878161684,0.117396624952258,0.008092824426154473,0.00012282543282884112,0.010515098102773653,0.0004590340092326248,4.319850412439733e-06,0.0001762752359599226,2.9650823923522415e-06,8.520451662284798e-07
259,2.5999999999999885,0.23317353807344815,0.11099776212904974,0.20551189644162066,0.11548108787677372,0.36279766301274924,0.7351092059862334,0.24633823859597676,0.06608429513142933,1.5784834659755331,0.5458468705228561,0.4598805434034293,1.1172909865974778,0.22942349474033108,0.3706399769944255,0.7349900389581308,0.23613895909147686,0.06652921586646698,1.5784876443212852,0.5456757239226135,0.45988340178882936,1.1172918124357238,0.11394240686355736,0.007842313981676277,0.00011916702810269474,0.010199279504499888,0.00044492073503765625,4.178345752116452e-06,0.00017114660024258348,2.858385400031818e-06,8.258382461123788e-07
260,2.6099999999999883,0.23292258819955924,0.10884797743447511,0.20426852823612693,0.06789171949627745,0.3170520303660092,0.730961280362765,0.1796930447155385,0.09201576387395503,1.5798616334991944,0.5556274333441642,0.45920749198891325,1.12741384853066,0.17848508591850987,0.3246518047017162,0.7308456590890273,0.16979989097671933,0.09244702718569897,1.5798656751867384,0.555461262461904,0.4592102476526634,1.1274146490031853,0.11059336642223241,0.007599774335706952,0.00011562127373762809,0.00989315373881919,0.00043126331174393533,4.0416875439463975e-06,0.00016617088226026622,2.7556637501433274e-06,8.004725252899871e-07
261,2.619999999999988,0.2327365804613951,0.10673595830154202,0.20314855942566348,0.13369745498023156,0.3262446398890649,0.6995346549710146,0.2446379972997288,0.08450872072417467,1.5633575261958137,0.5617375651682209,0.461660406540707,1.1076672510127326,0.24104368473490467,0.33360958746197866,0.6994224703430518,0.23504157797651715,0.08492676689638756,1.5633614358957857,0.5615762217130396,0.46166306330269435,1.1076680269325152,0.10734622975467313,0.007364947572913778,0.00011218462796277757,0.009596419323211633,0.0004180461722128856,3.909699971943153e-06,0.0001613434551813363,2.6567619873326345e-06,7.759197826624774e-07
262,2.629999999999988,0.23250711198300428,0.10466117011016435,0.20207068935206868,0.09787705445337483,0.2948527376210545,0.7218218630004661,0.1635681200419975,0.10169740308381141,1.5697935122331135,0.5590141120658516,0.45133500196128923,1.1105951333950173,0.2020748795112013,0.3019903217864339,0.7217130093395099,0.15425933585720486,0.10210265740170144,1.5697972944471985,0.5588574522334966,0.45133756349241594,1.1105958855478093,0.10419782505782646,0.007137584165379409,0.00010885366095622844,0.009308784184792638,0.0004052543178900327,3.7822140849740547e-06,0.00015665983235500555,2.5615311267213684e-06,7.521527919422788e-07
263,2.6399999999999877,0.23228925088096786,0.10262308143731345,0.20106778312399207,0.1254146746596576,0.34413566757044656,0.6958736284524613,0.21993361798951913,0.05310254274308513,1.548407595005057,0.5580787499242387,0.4677400055397761,1.1152421827066803,0.2265597541918396,0.35105311027291464,0.6957680034010991,0.21090365261989064,0.05349541603936814,1.5484112540725619,0.5579266342610936,0.46774247536814073,1.115242911851965,0.10114507953218199,0.006917442702468097,0.00010562505136208835,0.00902996536962849,0.00039287329628300607,3.659067504662775e-06,0.00015211566314504723,2.4698283645972823e-06,7.291452844921724e-07
264,2.6499999999999875,0.23204482987295988,0.10062116420320422,0.2001190035983304,0.09031400561030867,0.3101938131920267,0.747302933453471,0.2370776057615573,0.08971365257306219,1.5719932532795855,0.5962680809406308,0.4561757999750474,1.0844527179161665,0.188499022005999,0.31689810282114195,0.7472004378705606,0.2283179170008225,0.09009454175247811,1.5719967933837324,0.5961203742117505,0.4561781814918504,1.0844534247880802,0.09818501639569033,0.006704289629115224,0.00010249558291042902,0.0087596887607348,0.0003808891794159153,3.5401041468522255e-06,0.00014770672888026276,2.381516802997432e-06,7.068719136479134e-07
265,2.6599999999999873,0.23179179376352813,0.09865489381039129,0.19922173479539748,0.10907305038409144,0.33365961632612684,0.7280981333121455,0.14681248043579287,0.07315437592545265,1.5575279896123977,0.585840834845022,0.46453143176934064,1.0931116757270893,0.2043878023614525,0.340157515318424,0.727998671171008,0.1383147916312737,0.07352366446866654,1.5575314147863537,0.5856974059061031,0.4645337282345281,1.0931123610353097,0.09531475197736104,0.006497898992297118,9.946214113745455e-05,0.00849768880451917,0.000369288543213883,3.4251739559490508e-06,0.00014342893891892408,2.2964651874745294e-06,6.853082204608803e-07
266,2.669999999999987,0.23154634811462796,0.09672374927591533,0.198396792472857,0.11226482661079602,0.2923258253311082,0.7097753737586584,0.20771206820413565,0.12897940283914902,1.5433193451977911,0.5942941986903322,0.4469005845595352,1.1154716228582662,0.2047963195000193,0.29862387752655195,0.7096788520484552,0.1994683599587006,0.12933746128692292,1.5433226593304425,0.5941549203635077,0.44690279910719255,1.115472287288867,0.09253149288922329,0.006298052195443771,9.652171020328712e-05,0.008243708245435048,0.0003580584477739019,3.3141326515069925e-06,0.00013927832682444666,2.2145476573751332e-06,6.644306008001251e-07
267,2.679999999999987,0.23126240715087304,0.0948272133566334,0.1975925451391013,0.10685177940398638,0.36275939032026455,0.7060048898404512,0.20271970434228895,0.06746083220048141,1.5412249191945169,0.5603399133637686,0.44509445518190677,1.119674611047882,0.196684312679281,0.36886392808082746,0.7059112184706464,0.19472220647367067,0.0678080186189618,1.5412281260360032,0.5602046623171191,0.44509659082541475,1.1196752552641556,0.08983253327529461,0.006104537760562923,9.367136980480763e-05,0.00799749786861828,0.00034718641848038303,3.2068414864402812e-06,0.00013525104664958165,2.135643507993876e-06,6.442162737560002e-07
268,2.6899999999999866,0.2309553892515771,0.09296477266787548,0.196832014234744,0.07890499452047593,0.3243423163263353,0.746348056325873,0.2160125064337663,0.12500233129765861,1.5611402366774043,0.5982838764774039,0.4425769746496454,1.0949394909380152,0.1661202466566465,0.33025946742418455,0.7462571480336919,0.20825369018348283,0.1253389917255845,1.5611433398444206,0.5981525331080775,0.4425790342866094,1.0949401155812666,0.08721525213617055,0.005917151097849256,9.090829218103133e-05,0.007758816250283457,0.00033666042792588545,3.1031670162903053e-06,0.00013134336932645564,2.059636964002039e-06,6.246432512901091e-07
269,2.6999999999999864,0.23062474681474138,0.09113591779557761,0.19609768543550923,0.09083676740947882,0.37673639143300414,0.7013795778749913,0.17538843774285373,0.1072464271491052,1.5388671353681325,0.5925938137828585,0.4939917089790933,1.101615740004911,0.1755138781372807,0.38247208571556257,0.7012913481357828,0.16786100822719163,0.1075728960277047,1.5388701383490115,0.5924662621036987,0.49399369539605686,1.10161634569522,0.08467711072780187,0.00573569428255841,8.822973920854341e-05,0.0075274295156620985,0.0003264688785994909,3.0029808789991268e-06,0.00012755167915981487,1.9864169635806466e-06,6.056903090789087e-07
270,2.709999999999986,0.23030305760971104,0.08934014340202755,0.19542940185456192,0.08788954058721553,0.33280391278362187,0.6894091424535284,0.2539273733182969,0.08910835748792537,1.5316336860739688,0.5918566972664749,0.47124739026822965,1.1295230497855162,0.17010519062023377,0.3383638886225526,0.6893235093939438,0.2466242622140271,0.08942495807423256,1.5316365922335535,0.591732824796054,0.47124930614518235,1.1295236371224746,0.08221565003301824,0.005559975838930748,8.563305958456479e-05,0.007303111104269773,0.000316600586307197,2.9061595846721064e-06,0.00012387247042088182,1.9158769527185562e-06,5.873369585005564e-07
271,2.719999999999986,0.22993145541232987,0.08757694832538108,0.19476675926453133,0.05793655571470907,0.33272554444711666,0.7065418801187774,0.17043428758734563,0.052298447851548996,1.5411528342036416,0.5859821394789104,0.4610751805415131,1.1176329299909387,0.13776504401903367,0.338115354978072,0.7064587644326821,0.16334864604505128,0.052605492615839466,1.5411556467879564,0.5858618371348712,0.46107702845620224,1.1176334995543584,0.0798284883043246,0.005389810530955303,8.311568609526345e-05,0.007085641542294339,0.00030704476429046937,2.812584314838955e-06,0.0001203023440392634,1.8479146891646932e-06,5.695634197170083e-07
272,2.7299999999999858,0.22962806467174604,0.08584583567309594,0.19421067182171523,0.12516724827555498,0.3355185548993911,0.6904111994124555,0.2400366536082507,0.05576474213380152,1.5253711439423696,0.6006247750195993,0.44848183418364823,1.1143244835949166,0.20268056695203995,0.3407435740591609,0.6903305242794886,0.23316184538634843,0.05606253314181231,1.5253738660831004,0.6005079370152089,0.4484836166157038,1.1143250359455124,0.07751331867648498,0.00522501915976979,8.06751329669783e-05,0.00687480822190227,0.00029779100801079433,2.722140730748169e-06,0.00011683800439039805,1.782432055550449e-06,5.523505958053857e-07
273,2.7399999999999856,0.22924280562062946,0.08414631290943439,0.19362785398471094,0.06456257967412604,0.3177353333978954,0.7110626566633897,0.1757908968114639,0.08779722686410557,1.533961502129436,0.600411591461254,0.4387788431879981,1.1168840298828933,0.1398304865215323,0.32280076176539296,0.7109843476700917,0.16912049162419862,0.08808605614467524,1.5339641368482262,0.6002981152050779,0.43878056252287934,1.1168845655629411,0.07526790684740625,0.005065428367497574,7.830899329806112e-05,0.006670405187265271,0.00028882928056967215,2.634718790254152e-06,0.00011347625617606979,1.7193348812239163e-06,5.3568004789483e-07
274,2.7499999999999853,0.2289093454040756,0.08247789193718669,0.19313019634860545,0.1283128749172106,0.3498283063387691,0.6799141100788277,0.23618932845150667,0.0873835225000408,1.5164004396461885,0.6044072108780512,0.4522350837505035,1.1104734267849905,0.20140296374302125,0.35473917678609723,0.6798380951422587,0.2297170955243928,0.08766367239877582,1.5164029898587614,0.6042969968766556,0.4522367422832758,1.1104739463189617,0.07309008882581063,0.004910870447328117,7.601493656910074e-05,0.006472232927113882,0.0002801498987350167,2.550212572878986e-06,0.00011021400139556205,1.6585327723617813e-06,5.195339712668895e-07
275,2.759999999999985,0.22847015594817002,0.08084008917377121,0.19257634943680407,0.055269810160239435,0.36370677522972195,0.6894690305648701,0.17496555784735468,0.09443683793550554,1.521743318249203,0.6054218334217333,0.442677250707239,1.1237557731305048,0.12624757890444016,0.36846795838937396,0.6893952398586407,0.16868545967372484,0.0947085814550519,1.5217457867693156,0.6053147851853282,0.44267885064618895,1.1237562770256773,0.07097776874420073,0.004761183159652032,7.379070622933083e-05,0.006280098173629834,0.00027174351954635105,2.468520112652792e-06,0.00010704823640506814,1.5999389499474278e-06,5.038951723794816e-07
276,2.769999999999985,0.22812028849782306,0.07923242562186086,0.19214122477079576,0.1415972754977607,0.35829425273464255,0.6790788544812855,0.21875403057573722,0.08005909942516978,1.5125990938371836,0.6006968882602041,0.4278636986861631,1.1066612283111126,0.21052619223337388,0.3629104622887098,0.6790072203639284,0.21266021686824388,0.08032270055264235,1.512601483380422,0.6005929122111411,0.4278652421562583,1.1066617170581594,0.0689289167356132,0.004616209554067262,7.163411735707864e-05,0.006093813707493346,0.0002636011274725608,2.3895432383568678e-06,0.00010397604906302306,1.5434700952255377e-06,4.887470467761197e-07
277,2.7799999999999847,0.22765076170853013,0.07765442693468969,0.19163233365563712,0.05496549749111038,0.37307827867201804,0.6864823741734064,0.1787084614298297,0.0866301657254723,1.521901641957387,0.6024213255683114,0.428070557478701,1.1191319139603464,0.12190706436376786,0.3775540764690959,0.6864128311190143,0.1727952632609231,0.08688587974756956,1.5219039551448077,0.6023203309523524,0.42807204652490327,1.1191323880339041,0.06694156687265748,0.00447579779707783,6.954305439215352e-05,0.005913198168906625,0.0002557140220972576,2.313187420813353e-06,0.00010099461595906278,1.4890462022636783e-06,4.740735578439298e-07
278,2.7899999999999845,0.22725528087279073,0.07610562347619512,0.19122522975509715,0.1284057993119977,0.36244507588383074,0.6750475983000362,0.2273656290098957,0.13023198002830913,1.5136828685680053,0.597993236174985,0.4220452993287016,1.1039402092387212,0.19341961447935319,0.36678487688914174,0.6749800828310981,0.22162755313547677,0.13048005383461714,1.513685107929632,0.5978951349752606,0.4220467359191389,1.1039406690979376,0.0650138151673555,0.004339801005311014,6.75154689381274e-05,0.005738075874418922,0.00024807380630802173,2.2393616268834097e-06,9.810119972436797e-05,1.4365904372708935e-06,4.5985921638546813e-07
279,2.7999999999999843,0.22675088939907037,0.0745855503761433,0.19074942224146726,0.04986092795782,0.37629432916898775,0.6870908908648747,0.18215727495742198,0.14678763319283405,1.5373422139335002,0.5815354706960875,0.4262934683838405,1.110961373560613,0.11300474558811402,0.38050240625307197,0.6870253414872423,0.17658899831803865,0.147028305567801,1.53734438191168,0.5814401775496663,0.42629485441284487,1.110961819649674,0.06314381763029402,0.004208077084084243,6.554937763250062e-05,0.005568276639383325,0.00024067237496695553,2.1679781798532747e-06,9.529314642119212e-05,1.3860290043413523e-06,4.4608906097099307e-07
280,2.809999999999984,0.22627096236325558,0.07309374758039378,0.19032569081362036,0.08416401110550395,0.39903563678763543,0.6729660130137617,0.23455741135779068,0.07745331548121522,1.5287315203033192,0.5823360661013134,0.4500950506271481,1.1063768560669263,0.14549379949312424,0.4031161253587925,0.6729023701536789,0.22915377575191087,0.07768681738525629,1.528733619255945,0.582243498218304,0.4500963879181654,1.1063772888155654,0.0613297883876203,0.0040804885711570845,6.364286008280009e-05,0.005403635605879805,0.0002335019040410816,2.098952625904034e-06,9.256788300942159e-05,1.3372910173084733e-06,4.327486390392463e-07
281,2.819999999999984,0.225751308042967,0.07162975989644792,0.18989027110150775,0.07474556145868258,0.44602034989221245,0.6790690763537462,0.1557371316875802,0.07692050558298595,1.5485034293383295,0.5702696058747487,0.47026430543604475,1.0837768086627355,0.13431555931310868,0.449977252377721,0.6790072822968796,0.15049313861163682,0.07714706042315811,1.5485054615419358,0.5701796829598607,0.47026559574442217,1.0837772284867242,0.05956999785442609,0.003956902485508554,6.179405686669711e-05,0.005243993075943364,0.00022655484017215322,2.0322036063764146e-06,8.992291488806136e-05,1.2903083774112853e-06,4.1982398871623166e-07
282,2.8299999999999836,0.22521217302431917,0.07019313703443622,0.18946604504462036,0.05903263428513857,0.4299220611738018,0.6727770078609411,0.23568106626750826,0.11540472066931151,1.5531649822359557,0.5989281743674862,0.44788933891214483,1.096177943784943,0.11689540524821496,0.4337592513547861,0.6727170066933468,0.23059187191756791,0.11562454455997795,1.5531669498886913,0.5988408185439766,0.44789058392780134,1.0961783510865644,0.05786277096307638,0.003837190180984351,6.000116759428392e-05,0.005089194349940336,0.00021982389066644,1.967652735556576e-06,8.735582350958612e-05,1.245015656490114e-06,4.0730162132280765e-07
283,2.8399999999999834,0.22476243761961456,0.06878343364368734,0.189152850774507,0.1410452941861261,0.41594074614374826,0.6797368634781124,0.22871345160163076,0.07095137059832661,1.5664760703507696,0.5985091429366751,0.4525821670883688,1.0634195225462775,0.19725177963118767,0.41966197334841127,0.6796786010290816,0.22377436203169054,0.0711646726122126,1.5664779755752534,0.5984242786726099,0.4525833684383542,1.063419917714782,0.05620648544506156,0.0037212272046630124,5.82624490306893e-05,0.0049390895699402216,0.00021330201388598282,1.90522448372297e-06,8.48642640651425e-05,1.2013499854433961e-06,3.951685045431736e-07
284,2.849999999999983,0.22421245033903245,0.06740020934502648,0.1887677576065265,0.0708997283036743,0.43779969699917715,0.6705443896811211,0.19602330134155493,0.11922447355885546,1.581942145583798,0.5903799954678507,0.4552979828350576,1.0877658766130451,0.1254992984686396,0.4414085901589715,0.6704878134678438,0.19122976777362055,0.11943145596887916,1.5819439904298633,0.5902975495046121,0.4552991420860053,1.0877662600250915,0.05459957016496531,0.003608893159794343,5.657621327726246e-05,0.004793533567934383,0.00020698241002370296,1.8448460652072487e-06,8.244596323863409e-05,1.1592509476911777e-06,3.834120462275587e-07
285,2.859999999999983,0.22368309300146175,0.06604302875894752,0.18842490827485228,0.09657238858651652,0.43607962421743107,0.6524059940739217,0.2848776921443209,0.11112625635200692,1.561087324811876,0.5973873029931764,0.4593636110765124,1.112256067499036,0.14961289209168172,0.43957969579059863,0.6523510532479122,0.28022530642556376,0.11132711486425251,1.5610891112592071,0.5973072042761487,0.45936472973698983,1.1122564395191148,0.05304050350516519,0.0035000715731675442,5.494082600959694e-05,0.0046523857187571625,0.00020085851224559416,1.7864473312348835e-06,8.009871702776567e-05,1.1186604774039552e-06,3.720200788035596e-07
286,2.869999999999983,0.22308686163186925,0.0647114615298004,0.18803607273366535,0.063392416592391,0.49484756860802803,0.6656619300886559,0.24503181071828573,0.10737266796373143,1.5874621944677807,0.568861750898738,0.4888938885743941,1.0775115997761207,0.11492022839229321,0.49824221837479854,0.6656085753838852,0.24051630092071719,0.10756759194191545,1.587463924428448,0.5687839305101079,0.4888949680971564,1.077511960756965,0.0515278117999022,0.0033946497667705165,5.33547047707104e-05,0.004515509797568529,0.00019492397818401914,1.7299606673228677e-06,7.782038863016918e-05,1.0795227622678506e-06,3.6098084427169274e-07
287,2.8799999999999826,0.2225115680385117,0.06340508234613534,0.18768748118346734,0.08791836455524299,0.49737606596293493,0.6570680776143485,0.3379380807572757,0.10779711013741664,1.5793262486233248,0.5683980304308919,0.47515739703723087,1.0993535388368316,0.13797843237261986,0.5006685846965411,0.6570162612970307,0.33355530691551394,0.10798628281918354,1.57932792394422,0.5683224215244991,0.4751584388213814,1.0993538891198114,0.05006006781737687,0.003292518733606124,5.1816317317740816e-05,0.004382773841761776,0.00018917268176690122,1.675320895023043e-06,7.560890639277709e-05,1.0417841505688614e-06,3.5028297976177754e-07
288,2.8899999999999824,0.221876217286261,0.062123470957339215,0.18729685327040466,0.058903728771846915,0.5460018538261183,0.6468905238244506,0.27820375103238937,0.06717089067442696,1.6047331277665502,0.5429626004871141,0.4818672880125063,1.090756064414519,0.10753961806040024,0.549195426843653,0.64684019964443,0.2739497010152263,0.06735448937979527,1.604734750231728,0.5428891382252914,0.4818682934055687,1.0907564043300226,0.04863588928855333,0.003193573017534622,5.03241800205613e-05,0.004254050017163031,0.00018359870536831057,1.622465177810207e-06,7.346226182265425e-05,1.0053930623899735e-06,3.399155036277608e-07
289,2.899999999999982,0.22124218689337177,0.06086621218670441,0.18692881458088062,0.052500126535071585,0.49921566799739253,0.6713515826757819,0.3192551042407737,0.12320456600413836,1.6102228155770457,0.5896279361069381,0.4718538666493008,1.0911337982929727,0.0997540640164516,0.5023133785944083,0.6713027058194712,0.3151258897523803,0.123382762336405,1.6102243869099766,0.5895565575992805,0.4718548369492055,1.0911341281607747,0.04725393748138001,0.003097710597015744,4.887685631075779e-05,0.0041292144883933735,0.0001781963322666329,1.5713329309241681e-06,7.137850765754132e-05,9.702999047254216e-07,3.29867802059568e-07
290,2.909999999999982,0.2206342604165508,0.05963289594105906,0.18660082804540198,0.08981022301281333,0.5308518453775595,0.6577432290652948,0.30485290013056043,0.04902768680180291,1.6345231646291072,0.55734112456791,0.48405927026274204,1.0850206685843338,0.1357231388319633,0.5338566781501868,0.6576957561101153,0.3008447528372926,0.04920064684120007,1.6345246864948422,0.5572717688119155,0.4840602067197324,1.08502098871395,0.04591291581914997,0.003004832772627306,4.747295517945616e-05,0.0040081472932678,0.00017296003939716012,1.5218657349843937e-06,6.935575599440784e-05,9.364569903263157e-07,3.2012961619146087e-07
291,2.9199999999999817,0.22001782912987955,0.05842311721709396,0.18628074641443002,0.08590806105258317,0.5109935620574199,0.6523026500374725,0.33274052065250725,0.14044634223200478,1.6280415095824408,0.566222436080038,0.47751367354894114,1.100541847663044,0.13051962959434604,0.5139084061156609,0.6522565389077499,0.32884978843139834,0.14061422672239132,1.628042983589694,0.5661550439035636,0.4775145773674012,1.1005421583540738,0.04461156854176287,0.002914844058241007,4.6111129722524646e-05,0.003890732221108926,0.00016788449038654957,1.4740072532049247e-06,6.739217647435344e-05,9.038184601012276e-07,3.1069102968727275e-07
292,2.9299999999999815,0.2193928009822762,0.05723647610451122,0.18596479425641216,0.09391302340867724,0.5300671542567392,0.6538531955148538,0.29277711049547944,0.055804940360400436,1.6366902913576116,0.5738737057512787,0.4995141426295931,1.0856665295746666,0.13726170281734085,0.5328948063324788,0.653808405439122,0.2890002538006229,0.055967904889257625,1.6366917190607637,0.5738082197567564,0.499515014969802,1.0856668311171234,0.043348679408663604,0.002827652075739573,4.479007573171793e-05,0.0037768566948565775,0.0001629645288571912,1.4277031520456723e-06,6.54859945222382e-05,8.723402089042592e-07,3.0154245678371496e-07
293,2.9399999999999813,0.2187406562003835,0.056072577786124476,0.18563489796586694,0.07930353531547002,0.5368223094631601,0.6345438200342012,0.3714946128356395,0.0923953126265941,1.6243071601459111,0.579736301763476,0.47699562387552175,1.1186024185670616,0.12142660575773334,0.539565476916323,0.6345003115038708,0.36782820117878146,0.09255350779858418,1.6243085430469364,0.5796726662738365,0.4769964658553363,1.1186027112416923,0.04212307044226333,0.0027431674531628787,4.350853033036873e-05,0.0036664116568580337,0.00015819517199007157,1.3829010251444218e-06,6.363548963946469e-05,8.419798145515071e-07,2.926746307737498e-07
294,2.949999999999981,0.21804400238481933,0.0549310325350319,0.1852725865065464,0.05412998242161079,0.5489300715126121,0.6608633732344363,0.3030087535780368,0.04076808320982052,1.6352534009318758,0.5878167488814836,0.5023506774221291,1.1013379194521657,0.09506358313228702,0.551591375238786,0.660821107963784,0.29944946211981005,0.04092165481415577,1.6352547404821962,0.5877549098877353,0.502351490118599,1.1013382035307586,0.040933600710676234,0.0026613037261739372,4.226527065227022e-05,0.0035592914582267448,0.00015357160433525417,1.339550320381337e-06,6.183899374837379e-05,8.126964699148567e-07,2.8407859291277145e-07
295,2.959999999999981,0.21732717803026036,0.05381145570898433,0.1849023875694443,0.04033078700728216,0.5304271731501606,0.6595213669949668,0.3271923125180324,0.13331361208289752,1.6301125865058712,0.5932664507107535,0.4931988846429652,1.112985350583055,0.0801099521559081,0.5330091503928998,0.6594803078824043,0.3237369187663717,0.13346270125475712,1.630113884108141,0.5932063558211667,0.49319966909388313,1.1129856263287365,0.03977916514862594,0.0025819772427391474,4.1059112562429796e-05,0.0034553937516606822,0.00014908917185959617,1.2976022699351662e-06,6.009488958675741e-05,7.844509179495549e-07,2.7574568173108263e-07
296,2.9699999999999807,0.21655223218544856,0.05271346774206606,0.18448329922625706,0.006212825111227761,0.5426240825242526,0.6720852526538919,0.36210884600172455,0.05278526550573641,1.6400351426992377,0.5771923910436657,0.49039547633935365,1.0935659958926829,0.044871518526633736,0.5451291895951726,0.6720453637444734,0.35875422661410994,0.0529300088819582,1.6400363997090608,0.5771339894345147,0.49039623354474315,1.0935662635602057,0.038658693415405974,0.002505107070920043,3.9888909418414437e-05,0.003354619387614609,0.00014474337622179495,1.2570098231971359e-06,5.8401609151027456e-05,7.572053895192043e-07,2.6766752273682795e-07
297,2.9799999999999804,0.21576330709752806,0.05163669413380557,0.18406003700065232,0.0008635775355372161,0.533890491784554,0.6780316689853865,0.3373829756593484,0.14801405322095246,1.6381647226866005,0.565819401807452,0.4859041818099872,1.097851804926246,0.03843472632433986,0.5363211066942313,0.6779929154345155,0.33412610334562487,0.14815458309021778,1.6381659404141828,0.5657626441752655,0.4859049127335311,1.0978520647622645,0.03757114878880265,0.0024306149096772114,3.875355087103811e-05,0.0032568723137235077,0.00014052986926531462,1.2177275824150507e-06,5.675763218662325e-05,7.309235438885841e-07,2.598360184942123e-07
298,2.9899999999999802,0.21493967371935252,0.05058076543582729,0.18360928753258215,0.013781792966373732,0.5380262968014128,0.6796920542034979,0.35153020654169803,0.05546755545873221,1.6323500193368303,0.5937206714423698,0.4904613608388245,1.0863361700026104,0.02273373412754154,0.5403847218040028,0.6796544022417947,0.3483681470643205,0.05560399990645237,1.6323511990485713,0.5936655099576456,0.4904620664092363,1.0863364222459495,0.03651552709391527,0.002358425002589933,3.765196170318358e-05,0.003162059477377514,0.0001364444477201679,1.1797117409463113e-06,5.516148472427266e-05,7.055704117611347e-07,2.522433390624743e-07
299,2.99999999999998,0.21408874573514414,0.04954531723615706,0.18313821573543385,0.02407003561920859,0.569072188142347,0.6754464407991744,0.32554516426666696,0.14488751412511683,1.6289451263602532,0.5808073418892884,0.4840865330307329,1.089478024803147,0.011420820046623703,0.5713606521967449,0.6754098576984688,0.32247507353531546,0.14501999717322178,1.6289462692802772,0.5807537301516277,0.48408721414307365,1.0894782696850598,0.035490855665832294,0.0022884640543979298,3.658310070558026e-05,0.0030700907313514964,0.0001324830481049423,1.142920024004374e-06,5.361173766076138e-05,6.811123407440432e-07,2.4488191278166737e-07
300,3.00999999999998,0.2132320977278449,0.04852999014128724,0.18266688571260567,0.014717699346412115,0.5692509433464897,0.6826621538365434,0.3472945427804498,0.05006590882571856,1.6229658540414542,0.5974619677093025,0.4757495897688164,1.084322479762021,0.01977849299873924,0.5714716044967645,0.682626607876955,0.3443136640380544,0.05019455056753941,1.622966961353086,0.5974098607039195,0.47575024728575954,1.0843227175064385,0.034496192345151354,0.0022206611502747177,3.554595958839544e-05,0.002980878742395381,0.0001286417418208435,1.1073116317888044e-06,5.210700538290117e-05,6.575169431296137e-07,2.377444173919021e-07
301,3.0199999999999796,0.21237524500764057,0.04753442975610782,0.18220204970110182,0.009963771112076539,0.5591933750793677,0.6859555273549246,0.3265011481801014,0.1466093174771127,1.6210441805088025,0.5882643788834723,0.4716741272510674,1.0886535860177713,0.023566853393276688,0.5613483227571123,0.685920987792997,0.3236068092774076,0.1467342342075426,1.6210452533559874,0.5882137329390389,0.4716747620041133,1.0886538168415427,0.033530624505353226,0.00215494767774456,3.4539561927529426e-05,0.002894338902693802,0.00012491673042990326,1.0728471848942523e-06,5.064594443342166e-05,6.347530458871037e-07,2.3082377147322986e-07
302,3.0299999999999794,0.21149434332546724,0.046558286661803894,0.18171694271767097,0.014637782241459521,0.5673038229357925,0.677236052703975,0.3505210784501032,0.05248154954683743,1.6197174916579737,0.6062986998515195,0.465402527535446,1.0842206025126977,0.01795548586960649,0.5693950801869505,0.6772024897418305,0.34771068920599646,0.052602853887947276,1.6197185311466455,0.606249472599302,0.46540314032608876,1.084220826625824,0.03259326811106601,0.002091257251158048,3.3562962144535845e-05,0.0028103892441067643,0.00012130434110984546,1.039488671898758e-06,4.922725221754688e-05,6.127906427643759e-07,2.2411312619389854e-07
303,3.039999999999979,0.21062042797982963,0.045601216391822325,0.1812440152817304,0.003260795532183537,0.5624863979550736,0.6823674351022342,0.31981680335871865,0.1460474770485607,1.6172191889750587,0.5948702699460011,0.46542863406829216,1.0876538682239967,0.028422471274097916,0.5645159235937172,0.682334819857715,0.3170878530036134,0.14616527807083912,1.6172201961744577,0.5948224202802521,0.4654292256691406,1.087654085829854,0.03168326680628145,0.0020295256386435438,3.2615244519120594e-05,0.0027289503551052165,0.0001178010222784432,1.007199399036481e-06,4.784966574904969e-05,5.916008484036324e-07,2.1760585735519417e-07
304,3.049999999999979,0.2097114268248374,0.0446628794060011,0.18073830387187542,0.01642239247696599,0.572529263050113,0.6762221947876641,0.3414765994554457,0.0510150386308803,1.615084558341812,0.6066783725703576,0.46280644572243257,1.0844856234017037,0.01437739855464315,0.5744989537415677,0.6761904992654308,0.33882665415512747,0.051129441970260814,1.615085534285754,0.606631860609923,0.46280701687828696,1.0844858346972615,0.03079979103160914,0.001969690691454735,3.169552223320397e-05,0.0026499453003181843,0.00011440333938051541,9.75943941864483e-07,4.651196043461188e-05,5.711558543801791e-07,2.1129555772157622e-07
305,3.0599999999999787,0.20883014623550583,0.0437429410629577,0.18026411026185382,0.01266107758841668,0.5606604921869874,0.6779566674529556,0.34144414361512737,0.1453128075282918,1.6063669203549025,0.6005861051772049,0.46164728945179995,1.0772637822142948,0.04260311475809431,0.5625721844626241,0.67792586451651,0.3388708440725168,0.1454239154991228,1.6063678660430014,0.6005408922283095,0.461647840880687,1.0772639873903245,0.029942037169677627,0.0019116922756367157,3.080293644555798e-05,0.002573299542610576,0.00011110797083101472,9.45688098837412e-07,4.5212948895349346e-05,5.51428887077548e-07,2.0517602962527126e-07
306,3.0699999999999785,0.20793286118704948,0.04284107159082743,0.17977532762253304,0.013911329984867223,0.5579251424556412,0.6820659106985701,0.34397886208268147,0.04644637459074164,1.6061077781130846,0.6139622140209439,0.4590863900343015,1.0745165928418812,0.04302055670268601,0.5597806146615767,0.6820359740431741,0.3414799212150683,0.04655428629484959,1.6061086945119314,0.6139182625411195,0.4590869224284688,1.074516792083159,0.029109226717818786,0.0018554722059354652,2.99366553960632e-05,0.0024989408676131353,0.00010791170410794625,9.163988467080925e-07,4.395147982439439e-05,5.323941673165453e-07,1.9924127783492488e-07
307,3.0799999999999783,0.20702905498321714,0.041956946056441395,0.17928316696310964,0.011173517692198633,0.5379442599821237,0.6968596794261211,0.3213743561721591,0.1398416532791126,1.602667504835125,0.6047171802912656,0.4540986642527765,1.0784100783025132,0.0394741231793887,0.5397452341640019,0.6968305835525825,0.31894755686153076,0.13994646471110173,1.6026683928794228,0.6046744538543862,0.4540991782796482,1.078410271788016,0.028300605487190066,0.001800974181878169,2.9095873538655004e-05,0.0024267993106283406,0.00010481143198913378,8.880442976757271e-07,4.2726436879455854e-05,5.140268716597452e-07,1.934855026783419e-07
308,3.089999999999978,0.2061071072934613,0.04109024433302818,0.1787728611179375,0.012193710270129318,0.5561203520685832,0.6850508535450883,0.3723278956525103,0.05850947360386163,1.5923769263383893,0.61558872902786,0.46344986936217153,1.0797102339478115,0.03970915309764678,0.557868495794537,0.6850225737343862,0.3699710885666718,0.05861127775278874,1.5923777869320475,0.6155471922902507,0.4634503656652669,1.0797104218509048,0.02751544282751746,0.0017481437259537292,2.8279810702057702e-05,0.002356807085838468,0.00010180414892710738,8.605936582072061e-07,4.1536737609311436e-05,4.963030953167021e-07,1.8790309340973692e-07
309,3.099999999999978,0.20518030448289568,0.04024065106652719,0.17826006240711675,0.009564960659971776,0.5361036542129604,0.7020785422138675,0.3406308829171929,0.1477477561960097,1.598972903954202,0.5989902449150881,0.46338179258985257,1.0760394456371054,0.03631799153663451,0.5378005823367857,0.70205105450259,0.33834198439944885,0.14784664314356633,1.5989737379713915,0.5989498635826749,0.4633822717896692,1.0760396281257272,0.026753030876662733,0.0016969281238254016,2.7487711277432728e-05,0.0022888985177440375,9.888694755663674e-05,8.34017189460414e-07,4.038133241321348e-05,4.79199816578799e-07,1.8248862181231382e-07
310,3.1099999999999777,0.20424716376816104,0.03940785564058981,0.17774037706240445,0.01934029524144902,0.5409529392571698,0.6926158684700879,0.3451042182277108,0.05123604074716746,1.606881598054277,0.6148594312897157,0.4589246668907602,1.0643834645798396,0.04535297907568747,0.5426002156236791,0.6925891496266559,0.34288120825294754,0.05133209776249714,1.6068824063404463,0.6148201720861834,0.4589251295856229,1.0643836418166757,0.02601268383423845,0.00164727636650935,2.6718843432091483e-05,0.0022230099747632425,9.605701532967596e-05,8.082861692417326e-07,3.925920353221857e-05,4.626948627159682e-07,1.7723683602735125e-07
311,3.1199999999999775,0.20330118248089263,0.03859155214035193,0.1772087694431719,0.012352748212237693,0.5366883461349201,0.6811854844544873,0.335976830919036,0.1474406678975437,1.5969224197764893,0.6198855769358683,0.4478017315346947,1.07874462955001,0.03764648547075922,0.5382874852293753,0.6811595119561389,0.33381775111411116,0.14753397952881642,1.5969232031493448,0.6198474075717968,0.447802178301572,1.0787448016926646,0.025293737258521524,0.0015991390944551788,2.597249834845077e-05,0.0021590798049248424,9.331163127270188e-05,7.833728554330857e-07,3.816936407148134e-05,4.467668772707926e-07,1.7214265460132798e-07
312,3.1299999999999772,0.20234872549122662,0.037791439315049635,0.17666934951159793,0.021902856476711117,0.5416067469129322,0.6730258051539016,0.34176112516144624,0.050588018780124075,1.6045510663637297,0.633970241516041,0.44410981308998443,1.066662670550049,0.04649840386264259,0.5431592154563987,0.6730005571644142,0.33966407688785694,0.05067866694298573,1.6045518256141804,0.6339331306589884,0.44411024448527314,1.0666628377512097,0.024595547385931473,0.0015524685434664392,2.5247989487431733e-05,0.002097048273589293,9.06481628616544e-05,7.592504508268321e-07,3.7110857052577144e-05,4.3139528868857147e-07,1.6720116074296162e-07
313,3.139999999999977,0.20139814272039852,0.037007220539555866,0.176132410249536,0.024769821792152744,0.5195432260570724,0.6906701926346949,0.31949248775419553,0.1428015215449081,1.6002498076095557,0.6208238830514614,0.44398077959079113,1.0694330198375237,0.04868731226451928,0.5210504445494735,0.6906456479828194,0.31745563025106094,0.14288958560791798,1.600250543502625,0.6207878002969665,0.44398119615107134,1.0694331822451204,0.023917490472366534,0.0015072184924010874,2.454465187552888e-05,0.002036857503134579,8.80640630098821e-05,7.358930693096401e-07,3.6082754494948816e-05,4.165602802247712e-07,1.624075967823546e-07
314,3.149999999999977,0.20043982670383934,0.03623860377490648,0.17558541358631305,0.03422098516220999,0.5328324053833189,0.6797141323423563,0.3619031771043251,0.05578123991810237,1.5913020163434979,0.6306738297771978,0.4525551269502166,1.0693060800403598,0.0574799473179155,0.5342957495959126,0.6796902705009416,0.35992472568977973,0.05586679678526707,1.5913027296192013,0.6306387456206721,0.4525555291929777,1.0693062377977185,0.02325896215570551,0.0014633442125937949,2.386184141479874e-05,0.0019784514145454,8.555686716470076e-05,7.132757033391789e-07,3.5084156525595e-05,4.022427610741262e-07,1.5775735882475013e-07
315,3.1599999999999766,0.19947475039046783,0.035485301527886294,0.17503085052867778,0.03400715059313609,0.5531923731283305,0.6781949401774194,0.3328939195526548,0.14730151590082333,1.5880109682493968,0.6120838251346364,0.450501040610946,1.0724359353919228,0.05662652743194485,0.5546131755472743,0.6781717412432045,0.33097214388180873,0.14738464009133168,1.5880116596235894,0.6120497109441203,0.4505014290352847,1.0724360886379145,0.022619376838808762,0.0014208024189438372,2.3198934215039658e-05,0.0019217756708460449,8.31241905083518e-05,6.913741926599926e-07,3.4114190516145576e-05,3.884243386682137e-07,1.5324599159169824e-07
316,3.1699999999999764,0.19850250333852518,0.03474703080974125,0.17446676912782844,0.0403731398220617,0.5403629009430216,0.6920674871882033,0.33883232127319574,0.051033322598391224,1.5927111602882873,0.624079802243598,0.4471114062518253,1.0611475855954284,0.062371306914428715,0.5417424521656358,0.6920449318622559,0.3369655436508765,0.051114086323650554,1.5927118304534815,0.6240466302333516,0.44711178133911744,1.0611477344646119,0.021998167092367012,0.0013795512226140887,2.2555325947458155e-05,0.0018667776223192318,8.076372525933033e-05,6.701651942073619e-07,3.3172010246493887e-05,3.750872920908337e-07,1.4886918344271692e-07
317,3.179999999999976,0.19756508351971508,0.03402351309408064,0.17393664114060983,0.07318132691682686,0.5369221389057539,0.6720945323342017,0.34996015448410195,0.14131213751013325,1.58111108691127,0.6262017008641859,0.448491659436417,1.072809375496574,0.0945761099937954,0.5382616889910423,0.6720726019029826,0.34814674823064706,0.14139061074820347,1.581111736537423,0.6261694440690917,0.4484920216509636,1.0728095201193355,0.021394783076968543,0.0013395500852884123,2.193043121913746e-05,0.0018134062534548767,7.847323807021982e-05,6.496261531502873e-07,3.225679509417869e-05,3.6221454656290965e-07,1.4462276157080178e-07
318,3.189999999999976,0.1965925540257893,0.03331447427403308,0.17336827419966996,0.055281324280286676,0.5339081143524838,0.6812890167888054,0.32622250829653915,0.04746532706339083,1.590751186725122,0.6344983017743617,0.444527087540531,1.0685389694514575,0.07609001626406098,0.5352088741274201,0.6812676931058377,0.32446089616496465,0.04754157763090916,1.590751816460397,0.634466934025113,0.44452743733017996,1.0685391099541448,0.020808691983774302,0.0013007597749363597,2.1323682967645236e-05,0.0017616121315745038,7.625056751833109e-05,6.297352750268812e-07,3.136774924873306e-05,3.4978964895083377e-07,1.405026873654003e-07
319,3.1999999999999758,0.19562158012637373,0.03261964461871439,0.1727999106311988,0.058385216161034356,0.533296829191646,0.6628969376551078,0.3413354891329361,0.14350104225869714,1.580639212810173,0.6344115330772999,0.4471330849178702,1.0782078489347515,0.07862459365424002,0.5345599715146818,0.6628762031232327,0.3396241417758574,0.14357513588038273,1.5806398232816719,0.6343810289763496,0.4471334227146144,1.0782079854398035,0.020239377493205656,0.0012631423230358128,2.073453187513829e-05,0.0017113473570786863,7.409362168560298e-05,6.104714989275826e-07,3.0504100950241044e-05,3.37796744254345e-07,1.3650505193671642e-07
320,3.2099999999999755,0.1946291224739774,0.03193875872906663,0.17220672707099452,0.05128060075103702,0.5245963629801065,0.6757090358893065,0.31820701956164604,0.04900389021857052,1.5907324109985956,0.6414379424643947,0.4388351837175912,1.0739687453315963,0.07096694000210846,0.5258230239633122,0.6756888734435051,0.31654445404637954,0.04907589059439488,1.5907330028130673,0.6414082773626433,0.43883550993814424,1.0739688779576682,0.019686339251071442,0.0012266609832057255,2.0162445801341346e-05,0.0016625655152664918,7.200037582436061e-05,5.918144716835837e-07,2.9665101751362806e-05,3.2622055303205174e-07,1.3262607179544632e-07
321,3.2199999999999753,0.19364535630851906,0.031271555493122556,0.1716203351931099,0.05999625682951827,0.5232989945087261,0.6574276333546444,0.3355679181252214,0.14438475275322749,1.5806815436892299,0.6400687343146556,0.4407010168987428,1.0834872746587638,0.07914534919109428,0.5244902746999287,0.6574080264454096,0.33395269649554393,0.14445472162333317,1.5806821174337529,0.6400398842888535,0.44070133194509253,1.0834874035208486,0.019149092361576008,0.0011912801912026688,1.9606909234796518e-05,0.0016152216296774998,6.996887010567701e-05,5.737445230197348e-07,2.8850025802113762e-05,3.1504634972461445e-07,1.2886208468227945e-07
322,3.229999999999975,0.1926499732882053,0.030617778040751394,0.17101839193385396,0.06286276638692517,0.5268436769974569,0.6619465178037338,0.3442241061199507,0.046337001803981814,1.5893621674520069,0.6449048966344362,0.4321833199871035,1.073438471643975,0.08148993328359211,0.5280006425236934,0.661927450380972,0.3426548340030422,0.04640499901142903,1.5893627236946486,0.6448768384652794,0.4321836242470454,1.0734385968535207,0.01862716689666694,0.0011569655262364108,1.9067422761799135e-05,0.0015692721169084669,6.799720744721168e-05,5.562426416330298e-07,2.8058169156701326e-05,3.0425994183748884e-07,1.2520954554171824e-07
323,3.239999999999975,0.1916515000895584,0.029977173697934435,0.17041135047072312,0.05819248259817165,0.5151181228638756,0.6755038107391339,0.3367388150694287,0.14209915661086753,1.5867953781306616,0.6262270658907219,0.4401621776497378,1.0760150116874618,0.07631259001936996,0.5162418065374368,0.6754852672365814,0.3352141403265705,0.14216524016228504,1.5867959174211137,0.6261997770416201,0.44016247149738774,1.0760151333524846,0.018120107421198316,0.001123683673561143,1.8543502552452596e-05,0.001524674742858213,6.608355141753079e-05,5.392904521594344e-07,2.7288849101746224e-05,2.9384764994679844e-07,1.2166502263497372e-07
324,3.2499999999999747,0.19063419735511594,0.029349493940623368,0.16978133720027433,0.05378334093004197,0.5293098609758828,0.6696658334860448,0.31291136829291255,0.04768005945299563,1.5988405069894207,0.633216736283222,0.4320366822909645,1.0753611285417943,0.07141081346344436,0.5304012633641833,0.6696477988061815,0.3114299797125568,0.047744285577209666,1.5988410298596136,0.6331901948797167,0.43203696608725295,1.0753612467669882,0.017627472533402383,0.0010914023883004473,1.803467986329441e-05,0.0014813885803557456,6.422612421403563e-05,5.228701929935097e-07,2.6541403505232674e-05,2.8379628849364696e-07,1.1822519378690482e-07
325,3.2599999999999745,0.18962174109565236,0.028734494348227013,0.16915344589565667,0.058312740970188126,0.5194731331541551,0.6596249117486134,0.36894819372780585,0.1255031469050449,1.5851190763882397,0.6457565069556788,0.4448786635852206,1.0667616223950795,0.07546157539036358,0.5205332236146205,0.6596073712480575,0.36750881975967786,0.12556557010975666,1.5851195833529346,0.6457306917654932,0.44487893767836795,1.0667617372819223,0.017148834420175448,0.0010600904604653684,1.7540500555960577e-05,0.0014393739681279626,6.24232047117428e-05,5.069646949267923e-07,2.5815190185553317e-05,2.740931473336825e-07,1.1488684276215723e-07
326,3.2699999999999743,0.18859756961336302,0.02813193455677257,0.16850976867183465,0.058020766344818564,0.5424936097445198,0.6622525304803349,0.31499547296739877,0.04536041711238019,1.5953497522341116,0.6492240470853227,0.4442479505130117,1.0709145271057277,0.07470454477152089,0.5435233274256461,0.6622354699557036,0.31359688049633405,0.04542109023896046,1.5953502437914722,0.6491989374990226,0.4442482152389857,1.0709146387525834,0.016683778426702326,0.0010297176811263212,1.7060524631374187e-05,0.0013985924710647431,6.067312658027059e-05,4.91557360572401e-07,2.5109586300032086e-05,2.6472597401027866e-07,1.1164685576584153e-07
327,3.279999999999974,0.18758268624277402,0.027541578211786065,0.16787326592625823,0.05965736686852391,0.5050229854441523,0.6707418770057748,0.3066724603529299,0.13484555588482672,1.5918915075321045,0.6496110998873795,0.4381060827541806,1.09077728824609,0.07588926950847963,0.5060232402538531,0.6707252826799959,0.30531345351118944,0.13490453016129322,1.5918919841642492,0.6495866758996272,0.4381063384371373,1.090777396748308,0.016231902639955723,0.001000254809700852,1.6594325778958705e-05,0.001359006841740436,5.897427646649553e-05,4.7663214454471857e-07,2.4423987752327992e-05,2.5568295672109127e-07,1.085022180642742e-07
328,3.289999999999974,0.18656846859434062,0.026963192920934864,0.16723262225191265,0.0728187188608106,0.5156529140238639,0.6657747581802856,0.36618561996001114,0.05840016522644719,1.583960955433963,0.6539050643139728,0.45018407774716807,1.081648842744914,0.08861153634643415,0.5166245875661843,0.6657586166893452,0.36486503897685907,0.05845749031868763,1.5839614176074974,0.6538813065053546,0.450184324699876,1.0816489481949247,0.01579281748562356,0.0009716735423204428,1.6141490940392706e-05,0.0013205809831520977,5.7325092240441194e-05,4.6217353436438375e-07,2.3757808618139275e-05,2.469527079491236e-07,1.0545001072146921e-07
329,3.2999999999999736,0.18557499211265935,0.026396550206469825,0.16660968033633808,0.09077540388419972,0.5388652497530324,0.6615122709551007,0.32526272887265323,0.1405392838884395,1.5833895858701788,0.631668058611586,0.4628072193134494,1.0896909902966434,0.10614154922222951,0.5398091962342733,0.6614965693352133,0.3239794489600172,0.14059500794974156,1.5833900340367109,0.6316449481309974,0.46280745783769817,1.0896910927840509,0.015366145338029798,0.0009439464812408041,1.570161988743828e-05,0.0012832799126360531,5.5724061302062524e-05,4.481665320600613e-07,2.3110480588645666e-05,2.3852424873072585e-07,1.0248740744723475e-07
330,3.3099999999999734,0.1845827484914607,0.025841425457510177,0.1659833581158152,0.10077575049786253,0.5206314056600122,0.6771018957804142,0.32345471544013166,0.04584307222480199,1.5918792529082064,0.6425050757846814,0.45464419346610313,1.0794616859455426,0.11572727064049104,0.5215484527652734,0.6770866214556008,0.32220764571320615,0.04589724194374867,1.5918796875048429,0.6424825943322503,0.45464442385309667,1.0794617855572142,0.014951520142628509,0.000917047105261227,1.5274324813389286e-05,0.0012470697269255022,5.4169718946680546e-05,4.3459663643972033e-07,2.2481452431143413e-05,2.3038699353416898e-07,9.961167155288662e-08
331,3.319999999999973,0.18359417680838092,0.02529759788220479,0.1653576636040058,0.09885166051579532,0.5118363797445226,0.670466072768337,0.3138976542234253,0.14341215448669717,1.5876524264194958,0.6390951610297815,0.4539322387416801,1.0947144726316,0.11340024756646017,0.5127273294856423,0.6704512135383993,0.3126857366551121,0.14346481513348408,1.5876528478693217,0.6390732908403152,0.4539324612724158,1.094714569451753,0.014548587050664854,0.0008909497411197096,1.4859229937701003e-05,0.0012119175683131655,5.266064678691148e-05,4.2144982600527485e-07,2.187018946634318e-05,2.2253073572362934e-07,9.682015301073912e-08
332,3.329999999999973,0.18260289332564655,0.024764850459807152,0.16472384620459993,0.1097177187388443,0.5210371216198899,0.6709403651496731,0.3607224461687776,0.05783235427233578,1.5817608334107782,0.6469064807458162,0.4533666192608294,1.0809339615631386,0.1238747208044515,0.5219027511557215,0.6709259091785498,0.35954465457689366,0.0578835497435648,1.5817612421233207,0.6468852045727544,0.45336683420646295,1.0809340556734242,0.0141570020656072,0.0008656295358316086,1.4455971123375435e-05,0.0011777915918839393,5.1195471229020886e-05,4.087125424855891e-07,2.1276173061818315e-05,2.149456335845032e-07,9.411028561367963e-08
333,3.3399999999999728,0.18160159434219567,0.02424296989269771,0.16407656347685667,0.09648910980788139,0.5280571575918608,0.6701018396929566,0.3308008867630235,0.1491319174669856,1.5821767969398337,0.6274423773878764,0.46271551732841576,1.0893050491223526,0.11026554150885204,0.5288982200218015,0.6700877754974499,0.3296562258292397,0.14918169032898732,1.5821771933115087,0.6274216784877353,0.46271572495061264,1.0893051406019367,0.013776431700970641,0.0008410624299407108,1.406419550669124e-05,0.001144660933783769,4.977286200171396e-05,3.963716749638685e-07,2.0698900141104755e-05,2.0762219688706682e-07,9.147958423127121e-08
334,3.3499999999999726,0.18060692945244644,0.023731746558386196,0.16343073098756378,0.11365521826688195,0.5298063308448375,0.665238396185106,0.33951829965785824,0.052467610939193485,1.5887729452695005,0.6379311404782094,0.45816269718265384,1.0794975506880495,0.12706177091604332,0.53062355597649,0.6652247126239672,0.3384058039773663,0.052516002469928935,1.5887733296840452,0.6379110025955015,0.4581628977339278,1.0794976396136917,0.013406552649161371,0.0008172251316525325,1.368356113887915e-05,0.00111249568049192,4.839153073545143e-05,3.8441454457650275e-07,2.0137882707970798e-05,2.0055127396648515e-07,8.89256421589623e-08
335,3.3599999999999723,0.17961803273506088,0.023230974461524785,0.162787498042845,0.11046326261062517,0.4976581667915373,0.6754630783745998,0.33064172756192456,0.14498229742228047,1.5849478522925897,0.6361024341746262,0.4578353018952532,1.0933828891643103,0.12351031407160917,0.498452261883358,0.6754497646379605,0.3295604607228597,0.14502934765187092,1.5849482251214795,0.6360828415272408,0.4578354956192925,1.0933829756104387,0.013047051460984003,0.0007940950918206966,1.3313736639357254e-05,0.0010812668390648627,4.705022959045638e-05,3.7282888976135893e-07,1.959264738538762e-05,1.9372403929813803e-07,8.644612855710722e-08
336,3.369999999999972,0.17858922182939985,0.02274045118596145,0.16209877229571826,0.08495363379549889,0.5122553971204314,0.6773372461178738,0.35343064481473196,0.05398264807536685,1.5883611663425286,0.6428956272382087,0.458784536844369,1.0774212724776386,0.09765125803096453,0.5130270476001897,0.6773242917170137,0.35237969850641093,0.0540283958252985,1.5883615279453807,0.6428765645032399,0.4587847239763505,1.0774213565164246,0.012697624235465636,0.0007716504797582264,1.2954400860152301e-05,0.0010509463083210205,4.574774993164808e-05,3.616028520344598e-07,1.906273496874749e-05,1.871319815481709e-07,8.40387859766276e-08
337,3.379999999999972,0.17759065166838853,0.022259977846862962,0.16143691178132138,0.10688974138315718,0.5151400460380743,0.6752063668834735,0.33575929593685727,0.1482769186687341,1.587608155363183,0.6272455979304238,0.46418204880201325,1.0840426216239665,0.1192477177028195,0.5158899161979207,0.6751937616409123,0.33473778908592067,0.1483214015897829,1.587608506088145,0.6272270502304309,0.4641822295689053,1.0840427033253945,0.012357976319662317,0.000749870159846414,1.2605242561145403e-05,0.001021506850936584,4.44829210488073e-05,3.5072496227485786e-07,1.8547699992888717e-05,1.807668920800187e-07,8.170142796826083e-08
338,3.3899999999999717,0.1765992337092502,0.02178935904293252,0.16077668889719063,0.12532490525541534,0.5202766473243866,0.6708363743052824,0.35126662362882416,0.053035810588459915,1.585977448364789,0.6406361385376261,0.4532895547784762,1.0803207673813284,0.1373527272735373,0.5210053809933015,0.6708241083451867,0.3502737015624007,0.05307906519738026,1.5859777885489166,0.6406180914273136,0.4532897293993301,1.0803208468132652,0.012027822018121963,0.0007287336689149365,1.2265960095791855e-05,0.0009929220664234668,4.325460892034356e-05,3.401841274983404e-07,1.8047110312500825e-05,1.7462085389852253e-07,7.943193677245357e-08
339,3.3999999999999715,0.17558185478439273,0.021328402808749647,0.16008673224099293,0.0945050088687526,0.5312878111233252,0.6704407514624829,0.32662954247372317,0.1419784062156871,1.5854812433922854,0.6243922314327227,0.46032656982563597,1.0892365450405386,0.10621189318044344,0.5319960323176929,0.670428815201376,0.32566437610876164,0.14202046793070622,1.5854815733619034,0.6243746708860272,0.460326738511867,1.0892366222687997,0.011706884311690842,0.0007082211943676606,1.1936261106975987e-05,0.00096516636496152,4.2061715019098796e-05,3.2996961810141073e-07,1.7560546695496423e-05,1.6868623101402406e-07,7.722826108707168e-08
340,3.4099999999999713,0.17458333274273194,0.02087692056725516,0.15941033323104378,0.12156353985675764,0.51137158372593,0.6778410117454691,0.353515706805543,0.05432332011996557,1.5824064755126097,0.6393966131377614,0.4475962080745003,1.0839633419522359,0.1329584344421164,0.5120598972789594,0.6778293958832364,0.3525774918634852,0.05436422329512425,1.5824067955836654,0.6393795255353325,0.4475963710301585,1.0839634170406498,0.01139489458535878,0.0006883135530294801,1.1615862232673025e-05,0.0009382149420578389,4.0903175158679754e-05,3.2007105555775414e-07,1.7087602428948077e-05,1.6295565820959536e-07,7.508841391019492e-08
341,3.419999999999971,0.1735608298257224,0.020434727082405024,0.15870622503129606,0.09107331307340787,0.5231213534511289,0.6768478319271752,0.32836498947705983,0.14314131161539376,1.58375275298148,0.6228538342098862,0.45130241319079345,1.0941757589281575,0.10216490543825785,0.5237903456218191,0.6768365274383541,0.32745294572305284,0.14318108957377262,1.5837530634598807,0.6228372063269489,0.45130257061282464,1.094175831938628,0.011091592364849986,0.0006689921706903238,1.1304488821100094e-05,0.0009120437540070045,3.977795837887183e-05,3.1047840055011537e-07,1.6627882937201605e-05,1.574220311952828e-07,7.301047045537464e-08
342,3.429999999999971,0.17255384599232032,0.020001640412014708,0.1580121595721465,0.11646317378907851,0.521542055858064,0.6722321125626973,0.35563899426262796,0.05244642729690535,1.581006603067138,0.6385117771093058,0.44302695901380873,1.0868166772041588,0.1272598988507525,0.5221922949203872,0.6722211106880422,0.35475236476850114,0.05248511236277409,1.5810069042490795,0.6384955961038941,0.44302711109230586,1.0868167481967248,0.01079672506167399,0.0006502390623232104,1.1001874655049009e-05,0.000886629494126797,3.868506586874018e-05,3.0118194152122294e-07,1.6181005411788574e-05,1.5207849713393557e-07,7.099256613681989e-08
343,3.4399999999999706,0.17154134275844057,0.01957748186081554,0.1573089238009378,0.10185135630707473,0.5124605427181218,0.673620990843556,0.3351562176999241,0.14823596023358576,1.581598279096558,0.6305535265783845,0.4393146369543145,1.091493860295968,0.11236140403343597,0.5130925795310759,0.6736102830818709,0.33429426813017926,0.14827358376351185,1.5815985712688416,0.6305377799799317,0.43931478387276,1.0914939293288626,0.01051004772636124,0.0006320368129540873,1.0707761685103151e-05,0.0008619495697448207,3.762352992607871e-05,2.921722836280501e-07,1.5746598452772413e-05,1.469184455238341e-07,6.903289462207659e-08
344,3.4499999999999704,0.17053863451575704,0.019162075933741345,0.15661007644901523,0.12054119417307019,0.5117600426396726,0.681709650392788,0.3386822167055756,0.05177759516706918,1.5773504687550053,0.6457295169311055,0.4414452535040873,1.0864780777902594,0.1307725169826881,0.5123744111988344,0.6816992284930166,0.3378442346256634,0.0518141875800211,1.5773507521953434,0.6457141926293843,0.4414453954395867,1.0864781449199654,0.010231322809617908,0.0006143685591618095,1.0421899771450398e-05,0.0008379820799121964,3.659241295191778e-05,2.834403380843494e-07,1.5324301721174027e-05,1.4193549942398405e-07,6.712970594984963e-08
345,3.45999999999997,0.16953005167427923,0.018755250289465817,0.15590149498570494,0.10630627053191528,0.49551218276643577,0.6858357247974772,0.35066521391265537,0.1481604994682444,1.5731451907151934,0.6391301569626134,0.43898717091461514,1.0838125727299905,0.11626659046305576,0.4961094007376232,0.6858255807510432,0.3498505081188341,0.14819609027472325,1.5731454656925052,0.6391152431970113,0.43898730803812214,1.0838126380112953,0.009960319931140481,0.000597217971187425,1.0144046434013256e-05,0.0008147057938212327,3.559080647884928e-05,2.749773118769878e-07,1.4913765602133175e-05,1.371235070085193e-07,6.528130471070806e-08
346,3.46999999999997,0.16852460453509366,0.018356835694206337,0.15519127250620476,0.11195001181658962,0.508943457511753,0.6877230186829372,0.2951328062947079,0.06895927495236862,1.5890034095410717,0.6510062561969007,0.4329669662752268,1.0817072499961358,0.12164682747243205,0.5095240267473855,0.6877131447163265,0.2943407061648031,0.0689938927826006,1.5890036763157696,0.6509917415460222,0.4329670987517602,1.081707313482184,0.009696815655842439,0.000580569235632551,9.873966610626522e-06,0.0007921001299047687,3.4617830231976115e-05,2.667746978422163e-07,1.4514650878473008e-05,1.3247653343723764e-07,6.348604828848656e-08
347,3.47999999999997,0.1675209169746461,0.017966665975812306,0.15447893029675008,0.10436958686346737,0.4736242428499469,0.6869685029084472,0.3218259343481462,0.1522464459471251,1.5765157480161278,0.6799822247850924,0.4312319704738619,1.0753391911435515,0.11381018014071742,0.47418864988867426,0.6869588914760243,0.32105578921255074,0.15228011857834645,1.576516006840393,0.679968098156678,0.43123209846271493,1.0753392528858967,0.009440593277250053,0.0005644070387273398,9.611432423000983e-06,0.0007701451355955033,3.367263122133724e-05,2.58824265088532e-07,1.4126628414344658e-05,1.2798885302984398e-07,6.174234516028922e-08
348,3.4899999999999696,0.16652376935612573,0.017584577978152834,0.1537674932316627,0.12216923019209419,0.507257109454038,0.6885785521607666,0.33908534948103924,0.0658982196175017,1.5848389930222624,0.6597031999935269,0.4301444641987052,1.057372806906467,0.13136067279992858,0.5078058260041871,0.6885691959378164,0.3383365280133148,0.0659309740003664,1.584839244140312,0.6596894506146782,0.43014458785364695,1.0573728669551201,0.009191442607834388,0.0005487165501491465,9.356222950221051e-06,0.0007488214677244025,3.275438286470227e-05,2.5111804975334926e-07,1.374937884863959e-05,1.23654941731987e-07,6.004865325306577e-08
349,3.4999999999999694,0.16552034900505844,0.017210411515818428,0.15304595874830743,0.10573858141233615,0.49283815678642634,0.6916748012138266,0.3466022040465843,0.16270535477824608,1.5786627490395497,0.6538181630201882,0.4318471390906131,1.0577458888953484,0.11468774118839065,0.4933716401938,0.6916656930898171,0.34587409367304645,0.16273721706238575,1.578662992687896,0.6538047804278904,0.431847258560083,1.0577459472988266,0.008949159776054497,0.0005334834073736521,9.108124009530944e-06,0.0007281103735378512,3.1862284139670486e-05,2.436483460811878e-07,1.3382592297866044e-05,1.1946946986167402e-07,5.8403478354806534e-08
350,3.509999999999969,0.16451987675637364,0.01684400932915089,0.15232222127672554,0.11486234658647014,0.5023900901260288,0.6953424249662724,0.3149329671933638,0.07011761800707018,1.5796197386543893,0.6639690399200426,0.42390970062146777,1.0664239840460434,0.12357589361636201,0.5029087838265696,0.6953335580383282,0.31422497352104983,0.07014861356583424,1.5796199750620872,0.6639560139519745,0.4239098160487629,1.066424040851416,0.008713547029891872,0.0005186937005407871,8.866927944173654e-06,0.0007079936723139301,3.0995558764051e-05,2.364076978115802e-07,1.3025968068196362e-05,1.1542729512513853e-07,5.680537257847984e-08
351,3.519999999999969,0.1635128970817395,0.016485217039614072,0.15158796422081558,0.09990967792518186,0.48764425552244245,0.6971889898658621,0.35124307292210843,0.15851266240339618,1.5710157453506766,0.6589372723170872,0.4373636733259113,1.0548263811076666,0.10839409047184745,0.48814858948026085,0.697180357432444,0.35055461918454967,0.15854281585779972,1.5710159747395664,0.6589245931027108,0.4373637848493672,1.0548264363605995,0.00848441254666558,0.0005043339578184022,8.632433418052865e-06,0.000688453737558782,3.0153454403535403e-05,2.2938888986536137e-07,1.2679214376399906e-05,1.1152345589166131e-07,5.525293287689354e-08
352,3.5299999999999687,0.16251935134438486,0.01613388310551755,0.15086209398789535,0.11832885342266336,0.49941158702953137,0.696242946643216,0.31393106830318074,0.07002822477845352,1.5769799661368507,0.668255434976685,0.4252317029951359,1.0611396018166197,0.1265904236715869,0.4999019781607785,0.696234542197999,0.3132615948234161,0.07005756002035923,1.576980188721791,0.6682430929286056,0.42523181074830063,1.0611396555614192,0.00826157024892354,0.0004903911312471737,8.404445216997029e-06,0.0006694734797646419,2.9335241905713647e-05,2.2258494031844878e-07,1.2342048079385914e-05,1.0775316471731232e-07,5.374479960673251e-08
353,3.5399999999999685,0.1615186734210223,0.015789858778104536,0.1501251459891784,0.1016850896552446,0.48183257066575663,0.6979214936338599,0.3381903480282041,0.16265727529228804,1.566367821147179,0.6694349771082256,0.4303661340908211,1.0514632809407989,0.10972992928145686,0.48230942324880743,0.6979133108598035,0.3375393116984924,0.16268581550684758,1.5663680371362716,0.6694229629138135,0.4303662382026232,1.051463333220454,0.008044839626212255,0.00047685258305079584,8.182774056410192e-06,0.0006510363297116876,2.8540214559517645e-05,2.159890926526524e-07,1.2014194412088918e-05,1.041118021079633e-07,5.227965514008667e-08
354,3.5499999999999683,0.1605118386870749,0.015452998058014686,0.14937664165065345,0.10556346717518678,0.49136372864953065,0.7036313211092944,0.33107543114535004,0.06457410469088255,1.570398239604466,0.6647497015562337,0.422500082834382,1.0418480687539995,0.11339751273771981,0.4918274347219267,0.7036233538728993,0.3304423049230536,0.06460187237826176,1.5703984491992742,0.6647380061695003,0.4225001834292925,1.041848119610222,0.007834045562533037,0.00046370607239603213,7.967236395103201e-06,0.0006331262222964506,2.77676873792106e-05,2.0959480827345766e-07,1.1695386733437267e-05,1.0059491051234462e-07,5.085622252184335e-08
355,3.559999999999968,0.15950622342913365,0.015123157652131233,0.14862569447545831,0.09392035499180529,0.4831373691464237,0.7050813785654625,0.34519922516365936,0.16211632918775407,1.5644561605113245,0.658484261176101,0.4219724372191754,1.042542629092687,0.1015493731611059,0.4835883088890114,0.7050736209112074,0.3445834975827893,0.16214334618416615,1.5644563639070839,0.6584728758098208,0.42197253441736393,1.042542678565951,0.007629018169300611,0.0004509397425877206,7.757654255103702e-06,0.000615727580870057,2.7016996412073487e-05,2.0339575928511328e-07,1.1385366280153948e-05,9.719818853627517e-08,4.947326417137601e-08
356,3.569999999999968,0.15850138483731507,0.01480019693082183,0.14787059568186015,0.0995720441721332,0.4941775396912201,0.7114082757957103,0.2969814361882823,0.07596450512774756,1.5690700596278422,0.6549330898133675,0.41988162085420555,1.0475197765999533,0.1070016367957578,0.49461608179990435,0.7114007219406631,0.2963826108862122,0.07599079262581654,1.5690702570136636,0.6549220059314393,0.4198817147716909,1.0475198247295339,0.007429592623624615,0.0004385421086842958,7.553855047250895e-06,0.0005988253020700935,2.6287498068969576e-05,1.9738582151373594e-07,1.1083881928146017e-05,9.391748536957634e-08,4.8129580627016675e-08
357,3.5799999999999677,0.15750607293361973,0.01448397788558121,0.1471208351453733,0.10264134816457064,0.49957699213853685,0.7042672781865231,0.3589000716282906,0.15061003295935524,1.5490771793434557,0.6594138612427597,0.42896246802287735,1.0462323576252468,0.10987695717631141,0.5000034941840568,0.7042599225151207,0.35831766688716016,0.15063561152783222,1.5490773709025234,0.6594030705527985,0.4289625587716728,1.0462324044492561,0.007235609011740766,0.0004265020455199023,7.3556714023874345e-06,0.0005824047411304313,2.557856847699926e-05,1.915590677694987e-07,1.0790689961247158e-05,9.074879541751103e-08,4.6824009331854925e-08
358,3.5899999999999674,0.15650803612162728,0.01417436508708319,0.1463639873681243,0.09774525098419437,0.5109886259955173,0.7107306620300072,0.2840293497721576,0.08819078586407328,1.5657522996244149,0.6566684231898863,0.42981980753006255,1.0421589462705763,0.1047921631616191,0.511403434771637,0.7107234990889992,0.28346289807450376,0.08821567546692677,1.5657524855341762,0.6566579176360392,0.42981989521831565,1.0421589918259997,0.007046912177424728,0.00041480877611961456,7.162941007966172e-06,0.0005664516976538241,2.4889602853485226e-05,1.8590976133931386e-07,1.0505553847084414e-05,8.768825312892776e-08,4.555542345945634e-08
359,3.5999999999999672,0.15553564139136966,0.013871225643650004,0.14562843983629753,0.11851622050155489,0.5003845884604181,0.6900973116648413,0.35020174631078227,0.14560079410511384,1.5426883138830212,0.6846736545860327,0.4257357616934678,1.0474632132706048,0.1253795720767812,0.5007880403209128,0.6900903361583914,0.3496507939089497,0.14562501412001438,1.542688494315371,0.6846634263420128,0.4257358464255958,1.0474632575933356,0.006863351575226307,0.0004034518604947291,6.9755064498960986e-06,0.0005509524018325812,2.42200149005556e-05,1.8043234970174827e-07,1.0228244019848027e-05,8.473212801360698e-08,4.432273077814303e-08
360,3.609999999999967,0.15454190730556946,0.013574429160143663,0.14486749511341418,0.09135833879210843,0.5160502817601088,0.6986431241320569,0.2730720382930598,0.09585420136019705,1.5625665371443758,0.6757644108729105,0.4246398257032384,1.0413441057095962,0.09804311992047587,0.5164427029449143,0.6986363309169974,0.27253614479195676,0.09587777059641667,1.5625667122658342,0.6757544523352408,0.4246399075800582,1.0413441488344688,0.006684781128367446,0.00039242118480553747,6.793215059457248e-06,0.0005358935011030744,2.3569236219619766e-05,1.7512145845623102e-07,9.958537669749732e-06,8.187681984160348e-08,4.312487255252836e-08
361,3.619999999999967,0.15356519079826927,0.013283847697287106,0.14411934307088858,0.10281669157497235,0.5124982708449399,0.6782056559437576,0.339492825862214,0.1558035427427379,1.5405269015990921,0.7052725995536357,0.41583009339401544,1.042157927156575,0.10932775066612521,0.5128799777958193,0.6781990400249924,0.3389715638149937,0.15582647945848294,1.5405270715709776,0.7052629033350968,0.41583017251286947,1.0421579691173974,0.006511059091152857,0.00038170695087938754,6.615918765119783e-06,0.0005212620472203123,2.2936715745056138e-05,1.699718854589079e-07,9.696218538961302e-06,7.911885401767544e-08,4.196082248104297e-08
362,3.6299999999999666,0.15259121003074627,0.012999355731419174,0.1433690806572866,0.11045847210764277,0.5122061541149052,0.6919336448413835,0.32752592690047333,0.06022769240943419,1.5527770403824581,0.6916966806217139,0.4166527236838861,1.0302066680191235,0.11680052002338925,0.5125774537809775,0.6919272013674345,0.3270188814167341,0.06025001432863064,1.5527772053610533,0.69168723954499,0.41665280013876327,1.0302067088487092,0.006342047915746483,0.0003712996660722729,6.44347394910806e-06,0.0005070454837392381,2.2321919196456396e-05,1.6497859515779146e-07,9.441076723832386e-06,7.64548771241648e-08,4.082958566823398e-08
363,3.6399999999999664,0.1516178116483446,0.012720830114688273,0.1426161402737673,0.09241832304511184,0.4974093392597024,0.695247859738212,0.33409034009005045,0.15694164667379934,1.5484347402160181,0.6884009519469786,0.4136955738215546,1.0319824930012926,0.09859593716828385,0.4977705293931649,0.6952415839969035,0.33359710845616064,0.15696337100234814,1.5484349003527313,0.6883917590384954,0.4136956477032072,1.0319825327314902,0.006177614123172015,0.0003611901334625499,6.2757413085555e-06,0.0004932316338898249,2.1724328548793956e-05,1.6013671312013317e-07,9.19290848319204e-06,7.388165262595507e-08,3.9730197630661384e-08
364,3.649999999999966,0.1506435141380453,0.012448150035689689,0.14185726486884445,0.10058772690373714,0.5170918648113672,0.701981566250721,0.35082273033593114,0.061900386292288806,1.539782680893259,0.6809327724331397,0.4201552525020865,1.0361963487402914,0.10660535508213798,0.517443234253733,0.7019754536649998,0.3503429216470977,0.06192152973380871,1.5397828363347799,0.6809238209170871,0.42015532389814325,1.0361963874020148,0.006017628178400832,0.00035136944236578797,6.112585721101151e-06,0.00047980868883347916,2.1143441519906774e-05,1.5544152074521072e-07,8.951516052545072e-06,7.139605673139617e-08,3.8661723335259075e-08
365,3.659999999999966,0.14968034286361623,0.012181196980549452,0.1411064102094107,0.09109681108952111,0.5074586683082933,0.7024978727659059,0.3303548945375592,0.15788877754850367,1.5390957568746622,0.6717399125638736,0.4195981848289316,1.0460118601411452,0.09695877545891562,0.5078004972674535,0.7024919188897911,0.32988812934127054,0.15790935631957836,1.5390959077631123,0.6717311958564096,0.41959825382400595,1.0460118977644015,0.0058619643693945175,0.00034182895916010683,5.9538761147836895e-06,0.00046676519628862723,2.0578771074706992e-05,1.508884501559773e-07,8.716707463979822e-06,6.899507440331891e-08,3.762325626906395e-08
366,3.6699999999999657,0.14871860813027332,0.011919854694458238,0.14035211316971433,0.10028421598231131,0.5122201109688553,0.7053039774614888,0.3354785229944335,0.05970673020836313,1.5445003989508643,0.6683802718439988,0.4097850088175506,1.0367980512952018,0.105994716672285,0.512552671287267,0.7052981779761467,0.3350244329449197,0.05972676005330868,1.5445005454239435,0.6683717835476273,0.4097850754933461,1.0367980879091192,0.005710500689973678,0.0003325603184117169,5.799485342093414e-06,0.0004540900495137774,2.0029844945550116e-05,1.4647307926326818e-07,8.488296371609924e-06,6.667579551449977e-08,3.66139175392594e-08
367,3.6799999999999655,0.14777057385019968,0.011664009143658415,0.1396083527918822,0.09418365700697554,0.49928437097310735,0.7081872089421336,0.3321062659841968,0.15816232039625905,1.5382617219685948,0.6656636208164274,0.414977599141381,1.0394681899536058,0.09974677573336521,0.49960792638739804,0.7081815596520755,0.3316644935075601,0.15818181660142727,1.5382618641597219,0.665655354714545,0.4149776635767921,1.039468225586461,0.005563118726389676,0.0003235554142907151,5.649290058046973e-06,0.00044177247663670596,1.9496205168217425e-05,1.4219112699649417e-07,8.26610188237801e-06,6.443541114216213e-08,3.563285500251227e-08
368,3.6899999999999653,0.14681810443308826,0.011413548477886356,0.13885529217447717,0.09870445732162654,0.516209750784768,0.7043063613292058,0.3589962261084813,0.06372170098588184,1.5356608034063544,0.6634101269699932,0.41079257386270956,1.0367470465551103,0.10412416086910525,0.5165245571770356,0.7043008581586037,0.3585664240781625,0.06374067839351483,1.535660941444803,0.6634020770216011,0.4107926361339196,1.0367470812343527,0.005419703547478716,0.0003148063922675269,5.503170602154619e-06,0.0004298020303187692,1.897740763298359e-05,1.3803844869497583e-07,8.049948392054768e-06,6.22712099963062e-08,3.467924242261974e-08
369,3.699999999999965,0.14588299669788685,0.011168362993271912,0.1381166402427049,0.09342369008423805,0.5051450505725174,0.7041494652401559,0.32326843524933774,0.15580751469851328,1.535597967527167,0.6602961628262111,0.4135572873426627,1.0454238185566074,0.09870383368252078,0.505451356213598,0.7041441042292718,0.322850266671594,0.15582598772016354,1.5355981015381985,0.6602883231607848,0.4135573475232377,1.0454238523088861,0.005280143598282734,0.0003063056410806959,5.361010884153292e-06,0.0004181685777437217,1.8473021650261303e-05,1.3401103165429322e-07,7.839665426271719e-06,6.01805749768698e-08,3.37522786555179e-08
370,3.709999999999965,0.1449616834154079,0.010928345095696441,0.13738683255361178,0.11781086353171065,0.5128286671259221,0.7011577521111394,0.3649366751995066,0.0689922902545126,1.5320615503260795,0.6595198138633991,0.4078528664152385,1.0405038029491498,0.12295519412873546,0.5131267129108892,0.701152529412866,0.3645298129085859,0.06901027288404293,1.5320616804310703,0.6595121787759126,0.40785292457621836,1.0405038358003367,0.0051443305970248114,0.00029804578496704203,5.222698273383492e-06,0.00040686229092073127,1.7982629530331972e-05,1.3010499082222907e-07,7.63508748643152e-06,5.816097985491981e-08,3.2851186860733474e-08
371,3.7199999999999647,0.14405364789133376,0.010693389264611214,0.13666745039328618,0.10681737512330665,0.50311274212599,0.7019220141018583,0.3260961662011433,0.1592336106519405,1.5323021211383716,0.6555598459124014,0.4115301548067389,1.0505376292375155,0.11182953455863753,0.5034027618021355,0.7019169259783666,0.3257002925638517,0.15925111647811718,1.5323022474549362,0.655552409858501,0.41153021101672493,1.0505376612127293,0.0050121594353308855,0.00029001967614549596,5.088123491691765e-06,0.0003958736372916207,1.7505826176688747e-05,1.2631656463908889e-07,7.436053900344051e-06,5.620998607325416e-08,3.1975213738396596e-08
372,3.7299999999999645,0.1431413441380014,0.010463392017316364,0.1359391527569746,0.11051021499017077,0.5138015494033402,0.699446266636743,0.3546026073835973,0.06423040231528326,1.5307607388036313,0.6540084537269231,0.40822631942752863,1.0470073703792953,0.11539374307176331,0.5140837697908864,0.6994413094562333,0.3542174140129646,0.0642474445339758,1.5307608614457422,0.6540012113182456,0.40822637375276827,1.047007401502924,0.004883528081592532,0.000282220387546222,4.957180509744311e-06,0.0003851933706326919,1.7042218692535012e-05,1.2264211101736857e-07,7.242408677441536e-06,5.432523966198331e-08,3.112362879095716e-08
373,3.7399999999999642,0.14225292560633965,0.010238251873700996,0.13523177731847938,0.11188482010380067,0.4983439267751072,0.7033510979439302,0.34060492841166784,0.16187580802779086,1.529429322683646,0.6541386363782543,0.4111408982723575,1.04512295359882,0.11664315759117017,0.4986185679808841,0.7033462681774836,0.3402301158894261,0.16189239945379086,1.5294294417617493,0.6541315823778859,0.4111409507768258,1.0451229838945437,0.0047583374873694986,0.0002746412057769024,4.829766446641131e-06,0.00037481252224177926,1.659142599999799e-05,1.1907810345592838e-07,7.0540003684305276e-06,5.2504468264827526e-08,3.029572360878417e-08
374,3.749999999999964,0.14135988521576218,0.010017869321444694,0.13451539456185876,0.11261655030762648,0.5017420702126772,0.7083107286047807,0.32399972612197936,0.06430902336287186,1.532489571328575,0.6577059137513716,0.4036724780878618,1.0355888031103953,0.11725304180436069,0.5020093458369956,0.708306022823308,0.3236350037295779,0.0643251764413435,1.5324896869497024,0.6576990430694423,0.40367252883334004,1.0355888326012064,0.004636491496734218,0.00026727562431834597,4.705781472723777e-06,0.0003647223924014912,1.6153078471631295e-05,1.1562112728400633e-07,6.870681929242727e-06,5.074547827203039e-08,2.9490811178848554e-08
375,3.759999999999964,0.14048263963461985,0.00980214678168042,0.13381180979968166,0.10756143533670043,0.49636227013565654,0.7049804557030598,0.3425655065129073,0.16087299747342484,1.5218218585288603,0.6562778609452921,0.4129519804802708,1.0434375891518108,0.11207933209516341,0.49662238747259835,0.7049758705743443,0.3422105919707974,0.16088872429099865,1.5218219707967364,0.6562711686347029,0.41295202952642285,1.043437617860036,0.004517896758462986,0.0002601173369418276,4.585128715473082e-06,0.00035491454210987827,1.572681757379602e-05,1.1226787603057663e-07,6.692310589151387e-06,4.904615205595297e-08,2.8708225215722556e-08
376,3.7699999999999636,0.13960155527321705,0.009590988575117806,0.13310013945368893,0.10856831494983518,0.5006497594858504,0.7108306505885391,0.3221345348367276,0.06420632342726652,1.5250647591170283,0.6602191441697141,0.40422468120983573,1.034333905226592,0.1129707775908173,0.5009029197171913,0.7108261828743707,0.32178915405165753,0.06422163572278805,1.5250648681321763,0.6602126254219911,0.40422472861428105,1.0343339331739116,0.004402462640982122,0.0002531602313408317,4.467714168396767e-06,0.00034538078507005405,1.531229552152458e-05,1.090151479147217e-07,6.51874772292379e-06,4.740444530556009e-08,2.794731951415309e-08
377,3.7799999999999634,0.13873998308443927,0.009384300888626613,0.13240507413273508,0.10643972596632116,0.494309530979862,0.7075402209294777,0.33399652595979423,0.16182748198187982,1.5134512628991363,0.6638576597974907,0.41125986977581624,1.0430242641060188,0.11072982711630175,0.4945559293628321,0.7075358674828749,0.3336604127798637,0.1618423911568243,1.5134513687589788,0.6638513099387637,0.4112599155942007,1.0430242913134862,0.004290101149980583,0.00024639838297010685,4.353446602810093e-06,0.000336113179930551,1.4909174944483985e-05,1.0585984245284177e-07,6.349858726884528e-06,4.5818384456158295e-08,2.7207467322492518e-08
378,3.789999999999963,0.13788347519601432,0.009181991742279157,0.13171061162960618,0.12156606211047406,0.510333702345076,0.7069952916603504,0.34490162458726104,0.06509244873481505,1.5119537473395679,0.6603613903674668,0.4075534232951736,1.0394795922002862,0.1257467889590771,0.5105735283941613,0.706991049422868,0.34457452056449256,0.06510696586337872,1.511953850138525,0.660355204854568,0.4075534675812378,1.0394796186883468,0.004180726848603027,0.0002398260490851845,4.242237482415815e-06,0.00032710402276847693,1.4517128563669718e-05,1.0279895717868108e-07,6.1855128987682575e-06,4.428606421088418e-08,2.648806073629464e-08
379,3.799999999999963,0.13704797393350404,0.008983970956850315,0.1310344438067831,0.11789391993778787,0.49410533707777843,0.7102246792601704,0.3334204232856089,0.1629022714121536,1.5106142714250483,0.6608056337053547,0.4102082240357917,1.0373868943108693,0.12196817671792815,0.49433877474075416,0.7102205452592898,0.3331020774458011,0.16291640725103207,1.5106143712546327,0.6607996081220335,0.41020826684143685,1.0373869200993795,0.00407425678014027,0.00023343766297572518,4.134000880592846e-06,0.00031834583980776536,1.4135838878473784e-05,9.982958447229029e-08,6.0255833212442465e-06,4.280564515057767e-08,2.5788510111407004e-08
380,3.8099999999999627,0.13620610437023165,0.008790150121773671,0.13034775226292294,0.1185116713453479,0.507229820490952,0.7101034234704074,0.34565041132860763,0.06462500638080425,1.510239211758333,0.6583459105629162,0.4074433219914863,1.0350371646429215,0.12248228173848474,0.5074570483193384,0.7100993948170071,0.3453405799482425,0.06463877137866803,1.5102393087072414,0.6583400406161672,0.40744336336683773,1.035037189751165,0.003970610393136846,0.0002272278283863057,4.028653400305917e-06,0.00030983138036508437,1.3764997863782519e-05,9.6948908494188e-08,5.8699467489988205e-06,4.1375351428799505e-08,2.5108243495915136e-08
381,3.8199999999999625,0.13538586224230278,0.00860044256355218,0.12968005921891645,0.11495905760502628,0.49143507918248697,0.7130823580501793,0.3353969072346541,0.16265778943574935,1.5089620859692876,0.6585014109396986,0.4101175903021761,1.0330413496417918,0.11882876707386458,0.49165627049660543,0.7130784319360828,0.33509535362463794,0.1626711937424261,1.5089621801234898,0.6584956924561993,0.41011763029564463,1.0330413740884978,0.003869709468838305,0.00022119131411844242,3.926114096551437e-06,0.00030155361001618256,1.3404306676772177e-05,9.415420222111782e-08,5.7184834992653745e-06,3.999346854888083e-08,2.4446706080313933e-08
382,3.8299999999999623,0.1345603140579294,0.008414763314621283,0.12900306078466928,0.11581666960149113,0.4991565037526994,0.7168453483611125,0.3438217486858228,0.06346838196627178,1.5084783632860772,0.6580909677725875,0.4068039403288861,1.0308904438024267,0.11958814765239367,0.49937182680150727,0.7168415220567113,0.34352824298184714,0.06348143544164486,1.5084784547289019,0.6580853966952418,0.4068039789872273,1.0308904676057864,0.0037714780509025426,0.00021532304880787277,3.82630440125756e-06,0.00029350570397569816,1.3053475373080872e-05,9.144282457992382e-08,5.571077345694965e-06,3.865834122000789e-08,2.380335966530507e-08
383,3.839999999999962,0.13375901394631579,0.008233029082662062,0.12834761817950024,0.1171168631083523,0.4922051219511623,0.7153798185096487,0.35298275286010433,0.16229499749479254,1.501681435000077,0.6582427160813135,0.4134879883231781,1.0334210308682203,0.12079270548565546,0.49241474006703356,0.7153760893615981,0.35269707181942067,0.1623077097174246,1.5016815238122945,0.658237288465898,0.4134880256915494,1.0334210540459026,0.003675842377303161,0.00020961811587130695,3.7291480505590337e-06,0.00028568104068367234,1.2712222632048025e-05,8.881221767619698e-08,5.42761541546395e-06,3.736837128945912e-08,2.317768214663821e-08
384,3.849999999999962,0.13295657511206502,0.008055158220362893,0.12768744581413732,0.11566455533686752,0.489905032834481,0.7235444957651382,0.3236994389771339,0.06860720651379132,1.514561355881808,0.6576404306582772,0.4077644931361862,1.023824919292509,0.11924728615122149,0.4901091045830981,0.7235408611941239,0.3234213657815417,0.06861958678928204,1.5145614421417122,0.6576351426701876,0.40776452925820195,1.023824941861676,0.0035827308143539655,0.00020407174861706106,3.6345710143701436e-06,0.0002780731955922228,1.2380275490720854e-05,8.625990411445832e-08,5.2879880895182795e-06,3.6122015748222364e-08,2.256916701643408e-08
385,3.8599999999999617,0.1321763882396427,0.007881070695625764,0.12704690223243725,0.11484567382629268,0.4860675654957945,0.7230826968621038,0.34436310388814695,0.1660554835384475,1.5077875223788257,0.658778073387711,0.4053410081337366,1.0266069669120752,0.11833774761907989,0.48626624482130865,0.7230791543606756,0.3440924279530009,0.16606754090753384,1.5077876061623101,0.6587729212988052,0.4053410430515214,1.026606988889398,0.0034920737927872157,0.00019867932551416177,3.5425014281814447e-06,0.00027067593514604324,1.2057369086340212e-05,8.378348440676511e-08,5.152088905857362e-06,3.4917784807322997e-08,2.1977322880447238e-08
386,3.8699999999999615,0.13140022519509403,0.007710688062215944,0.1264064169877896,0.12840928093901685,0.5023178997896792,0.730365111110763,0.34467098492510917,0.06881636294204112,1.5040855946145222,0.6581185672915802,0.401324148909062,1.0226578226325833,0.1318130846848362,0.502511336155294,0.730361658241236,0.34440750171415857,0.06882810618844815,1.5040856759951566,0.6581135474771145,0.40132418266330205,1.0226578440342564,0.003403803745819365,0.00019343636561470071,3.452869527008524e-06,0.00026348321095060156,1.1743246407025617e-05,8.13806344667318e-08,5.019814465763128e-06,3.375424004229611e-08,2.1401672990742827e-08
387,3.8799999999999613,0.13064298121877085,0.007543933430851091,0.12578241670900545,0.1216710300597644,0.492379227386452,0.7304763465678391,0.3587155204471452,0.1666086681088737,1.497435419184141,0.6574795249454084,0.4065239623859668,1.0273638995388394,0.12498888510890538,0.4925675659105764,0.7304729809602577,0.35845903129302314,0.1666201057669241,1.4974354982332443,0.6574746338810655,0.40652399501595937,1.0273639203805942,0.0033178550491409714,0.0001883385241243765,3.365607581423231e-06,0.0002564891541220924,1.1437658050390792e-05,7.904910318607113e-08,4.891064342883266e-06,3.262999260333228e-08,2.0841754793282926e-08
388,3.889999999999961,0.12987728466884282,0.007380731440727435,0.1251469679532683,0.10513785515358998,0.5024213690153793,0.7371554225961889,0.30817063768706865,0.08443332315296588,1.5112914645543418,0.6565287816735136,0.39766462523342255,1.0269093626876211,0.1083720191163593,0.5026047506034956,0.7371521419463534,0.30792094961725525,0.08444446351495571,1.511291541341052,0.6565240159325185,0.39766465677712404,1.0269093829847407,0.0032341639627693226,0.00018338158811635508,3.28064983560029e-06,0.0002496880698134072,1.1140361989828642e-05,7.67867100908532e-08,4.7657409950801095e-06,3.15437014887177e-08,2.0297119489930515e-08
389,3.899999999999961,0.1291415919305434,0.007221008231479373,0.12453893956725352,0.11343218793225696,0.499208696645693,0.7518546238660844,0.3317741446883708,0.1787398950907156,1.5028586369971444,0.6617365391509962,0.3861576776629712,1.0219726634619193,0.11658485650696093,0.4993872581180767,0.7518514259336371,0.3315310702564602,0.17875074621406384,1.5028587115884875,0.6617318954013172,0.3861577081570431,1.0219726832292508,0.003152668574703976,0.00017856147238371565,3.197932447314202e-06,0.00024307443191054858,1.0851123348214628e-05,7.459134307478889e-08,4.643749678959676e-06,3.049407187927956e-08,1.9767331614399938e-08
390,3.9099999999999606,0.12841146759446617,0.007064691415569631,0.12393267449355751,0.1300444308086906,0.5197672484413204,0.751209802038215,0.34612269554770586,0.08421664232115122,1.4955597826195446,0.6616588312538808,0.3966218077153446,1.0224677272928935,0.1331177395550185,0.5199411226567463,0.7512066846447851,0.34588605266981176,0.08422721203533001,1.4955598550805007,0.6616543062555138,0.39662183719519817,1.0224677465448622,0.0030733087463278787,0.00017387421542592007,3.1173934298235403e-06,0.0002366428778941082,1.0569714178785275e-05,7.246095620693349e-08,4.5249983669978074e-06,2.9479853531635368e-08,1.9251968621696705e-08
391,3.9199999999999604,0.12769453924266833,0.006911710051106343,0.12333754030610615,0.11276226862397529,0.5232583941143258,0.7672555696623979,0.3398747258261639,0.1802083711405974,1.484278870849679,0.6625090240486375,0.4029878594975302,1.0251499002547233,0.11575829468347365,0.5234277100898908,0.7672525306898024,0.3396443376223033,0.18021866705385037,1.4842789412432467,0.6625046146509703,0.4029878879973694,1.0251499190053437,0.00299602605949836,0.00016931597556489852,3.0389725955819458e-06,0.00023038820386059327,1.0295913252957318e-05,7.039356761129741e-08,4.409397667183182e-06,2.8499839228122667e-08,1.8750620490604065e-08
392,3.92999999999996,0.12698122148718582,0.006761994615083467,0.12274249758374277,0.1239175854844637,0.5398682452381632,0.7704207276472468,0.33906629414847067,0.0827926687722463,1.4882014731551092,0.6607375314345992,0.39496684756459804,1.0208959223671088,0.1268383492497378,0.5400331282653497,0.7704177650357451,0.33884198878877214,0.08280269827810116,1.4882015415423666,0.6607332345738541,0.3949668751174613,1.0208959406299982,0.0029207637652740944,0.00016488302718647963,2.962611501716816e-06,0.00022430535969855073,1.002950585486036e-05,6.838725741594323e-08,4.296860745099247e-06,2.7552863281369722e-08,1.826288933879122e-08
393,3.93999999999996,0.1262912651596773,0.006615476977041185,0.1221685584812317,0.12166477330175737,0.5361420705939716,0.7813938004057438,0.35372495182811453,0.1803331650040441,1.4771475534473804,0.6635205392272934,0.39605194475136984,1.0209518807364106,0.12451224003598327,0.5363026423510746,0.7813909121523466,0.35350656238369993,0.18034293528762646,1.4771476198875462,0.663516351924045,0.3960519713891699,1.0209518985247996,0.002847466734225895,0.00016057175710304533,2.8882533972189027e-06,0.00021838944441460425,9.770283582364249e-06,6.644016576922754e-08,4.18730324836978e-06,2.6637800091538357e-08,1.7788389050129582e-08
394,3.9499999999999598,0.1255868564474548,0.006472090373142286,0.12157721253144368,0.10591908638520398,0.5463559870657788,0.7835654786416029,0.349648822504964,0.08273269642066094,1.484880986981793,0.6638330085503948,0.390903356490215,1.0174901435466768,0.10869516779348487,0.5465123657268123,0.7835626627984311,0.3494361868033593,0.08274221446481533,1.484881051532284,0.6638289279071614,0.39090338224377774,1.0174901608734217,0.0027760814082808923,0.00015637866103342322,2.8158431717877044e-06,0.00021263570160466987,9.518044154389224e-06,6.455049092093303e-08,4.0806432333949435e-06,2.575356275434885e-08,1.7326744913819505e-08
395,3.9599999999999596,0.12492005574922709,0.00633176938066067,0.12102099887377528,0.1239035461232527,0.5580372476661433,0.786190008320132,0.34312596086076513,0.1793224102931429,1.4757993876505615,0.6661170117395564,0.3822898137597332,1.01610395055367,0.12661010187730426,0.5581895480063395,0.7861872629928257,0.34291892134569935,0.17933168288436718,1.4757994503670488,0.6661130349384621,0.3822898386588349,1.0161039674312633,0.002706555754051561,0.00015230034019616165,2.7453273062793806e-06,0.00020703951506577246,9.272591224294374e-06,6.27164873661094e-08,3.976801094307121e-06,2.489910171806168e-08,1.6877593274942028e-08
396,3.9699999999999593,0.12423183518745304,0.006194449892878549,0.12044065196326784,0.09885590494779088,0.5760491728161893,0.7854932082646008,0.33539521003232403,0.08489951899555835,1.4826525661771022,0.6650222612085231,0.3795355468146344,1.0124584608341956,0.10149474416539306,0.5761975063142017,0.7854905316107761,0.33519361362778,0.0849085527297575,1.4826526271135663,0.665018385509029,0.3795355708880379,1.0124584772747767,0.0026388392176021755,0.0001483334980124644,2.676653824705749e-06,0.00020159640454402527,9.03373419914644e-06,6.09364640495248e-08,3.875699494077957e-06,2.407340348766248e-08,1.644058119606383e-08
397,3.979999999999959,0.12358013284175737,0.0060600690943876075,0.11989447106201868,0.11467743104710203,0.5784565355924675,0.7969325868115741,0.3404398255800707,0.18187897463343095,1.4692794611867204,0.6666051856526947,0.38085571540644086,1.0112088101840697,0.117250313727709,0.5786010105293826,0.7969299770393263,0.3402435235584562,0.18188777592149563,1.469279520395503,0.666601408389397,0.38085573868193023,1.0112088261994359,0.0025728826806069656,0.00014447493691518138,2.609772247734438e-06,0.0001963020216144808,8.801288064678293e-06,5.920878262869239e-08,3.777263297710233e-06,2.327548937455817e-08,1.601536612953502e-08
398,3.989999999999959,0.12290755272069116,0.005928565436790793,0.11932478317748973,0.09089211163671417,0.5956659426862757,0.795953446580983,0.33445942322110483,0.08660577318304627,1.4717700143074177,0.6687025670140021,0.3776435222190547,1.011952040587714,0.09340075005457038,0.595806664241536,0.7959509019474353,0.3342682710754161,0.08661434825626202,1.4717700718392734,0.6686988855944946,0.37764354472346895,1.0119520561893296,0.002508638417856215,0.000140721555260374,2.5446335476420717e-06,0.0001911521456886948,8.575073215751944e-06,5.753185579351823e-08,3.681419507450166e-06,2.2504414290157767e-08,1.5601615600133285e-08
399,3.9999999999999587,0.12227959373310968,0.005799878614800114,0.11879746012372838,0.11305623943018478,0.586757718820606,0.8015823861854832,0.3187456915813945,0.18126823497867664,1.474384796031465,0.6712203466473446,0.3682022142870069,1.0024443699917494,0.11550229948625201,0.5868947891649441,0.8015799049953785,0.3185595489012485,0.18127658989396878,1.4743848519356106,0.6712167585501447,0.36820223604627245,1.0024443851907563,0.0024460600560672306,0.00013707034433808844,2.4811901046737573e-06,0.0001861426801459804,8.354915292148043e-06,5.5904145640674875e-08,3.5880971999578694e-06,2.1759265581767475e-08,1.5199006897716975e-08
400,4.009999999999959,0.12164013204202354,0.005673949542726648,0.11825575931356196,0.10655204801012057,0.5985576763183816,0.800675571328307,0.3366966656343552,0.08391934943405745,1.4730230135518942,0.6737075350195147,0.36511696473935157,1.0021267608056241,0.10893715054407949,0.5986911947038607,0.8006731519326422,0.33651539598577074,0.08392749007907696,1.4730230678760563,0.6737040377920493,0.3651169857785135,1.002126775612851,0.0023851025339589197,0.0001335183854790874,2.4193956647638954e-06,0.00018126964858445517,8.140645019509142e-06,5.432416210087655e-08,3.49722746537559e-06,2.103916190929176e-08,1.4807226779563708e-08
401,4.019999999999959,0.12102603145100234,0.005550720331358032,0.11773760307302503,0.10178244130306797,0.5914545780934551,0.8098586683733248,0.34244901581255655,0.18266018038225917,1.4694450663048646,0.6716084687368016,0.37059030303713164,0.998687978075829,0.1041081633666181,0.5915846409407095,0.8098563091680262,0.34227248662136844,0.18266811248031445,1.469445119095326,0.6716050599934533,0.3705903233803838,0.9986879925018002,0.00232572206355012,0.00013006284725438437,2.359205298574517e-06,0.00017652919118810796,7.932098055269819e-06,5.279046141729163e-08,3.4087433482351526e-06,2.0343252161282928e-08,1.4425971182079356e-08
402,4.0299999999999585,0.12041814969244904,0.005430134265219858,0.11722259235342092,0.11918493342980957,0.6032549489938899,0.8120334896333232,0.34028520799762657,0.08529732861312518,1.465163247995629,0.6762022243047918,0.37606606088758854,0.9974170976405954,0.1214528095224523,0.6033816499766544,0.8120311890579615,0.34011329043642036,0.0853050577279646,1.4651632992972736,0.6761989017250016,0.37606608055830293,0.9974171116955404,0.0022678760926427306,0.00012670098276454942,2.300575361809073e-06,0.00017191756120623705,7.729114839413058e-06,5.130164467339054e-08,3.3225797901481002e-06,1.967071440893878e-08,1.4054944941574786e-08
403,4.039999999999958,0.11983129846446058,0.005312135780215937,0.11672702463775284,0.10580540001250417,0.59166545823621,0.8193423249614691,0.32281075477384247,0.18131609386882727,1.4680572202545195,0.6779867388534089,0.36911855345575423,0.9905563184033236,0.10801692328095669,0.5917888883632259,0.8193400814980123,0.32264332365230075,0.18132362540927716,1.4680572701108758,0.6779835001798347,0.36911857247650914,0.9905563320971851,0.0022115232684525154,0.00012343012701584167,2.2434634567607586e-06,0.00016743112154171908,7.531540449896275e-06,4.9856356368583476e-08,3.238673574223423e-06,1.90207548966972e-08,1.3693861523816185e-08
404,4.049999999999958,0.11923500733639278,0.005196670441643671,0.1162193212516468,0.10240698860105216,0.5985558390946749,0.8209888128301462,0.3413284365001503,0.08346265540364085,1.4659691540701278,0.68117049954692,0.36691707888086483,0.9909883474227436,0.10456361200340325,0.5986760867890553,0.8209866250017512,0.3411653701587056,0.08346999462810345,1.4659692025234108,0.6811673425836489,0.3669170972734719,0.9909883607651864,0.0021566234023510868,0.0001202476943803226,2.1878283950558722e-06,0.00016306634144468824,7.339224462597131e-06,4.8453283040062e-08,3.156963271159881e-06,1.839260706812666e-08,1.3342442762066103e-08
405,4.059999999999958,0.11866784666002651,0.005083684922579681,0.11573901012739311,0.1022785501178571,0.5950630244766485,0.8218179841543788,0.33917215470634204,0.18327476909139578,1.4657398001061037,0.6813807396330905,0.36479734087934257,0.9870621525605098,0.10438168755354127,0.5951801756527857,0.8218158505242172,0.33901333491303376,0.18328192111221142,1.4657398471972556,0.6813776622439036,0.3647973586648732,0.9870621655609284,0.0021031374356841716,0.00011715117613720816,2.1336301615540187e-06,0.0001588197933083112,7.152020815632981e-06,4.709115192930972e-08,3.0773891869612773e-06,1.778553062585733e-08,1.300041860334027e-08
406,4.069999999999958,0.118100176376063,0.004973126982631622,0.11525542048389992,0.11188454337163481,0.6047075479491416,0.8230336154653267,0.3451963185572132,0.08464292858607678,1.46239649215272,0.6848687450415845,0.36989640194561413,0.9864930943112148,0.11393557077826699,0.6048216860872344,0.8230315346354473,0.3450416304076498,0.0846498983737547,1.4623965379214496,0.6848657451482723,0.3698964191444247,0.9864931069787417,0.0020510274066321828,0.00011413813809279768,2.0808298793681583e-06,0.0001546881495634495,6.969787677913506e-06,4.5768729691801594e-08,2.9998933122248095e-06,1.7198810624347356e-08,1.2667526862615462e-08
407,4.079999999999957,0.11756048481427352,0.004864945447051586,0.11479833092680267,0.10450069197557894,0.5893946258783436,0.8222381979573183,0.3111135292015042,0.17667401862414348,1.4687987060973882,0.6850633789226732,0.36567093937191225,0.9909186207661732,0.1065009483936592,0.58950583209662,0.8222361685675423,0.3109628610218351,0.17668081101146527,1.4687987505822093,0.6850604545034003,0.36567095600366883,0.9909186331096862,0.0020002564180802603,0.00011120621827641211,2.029389775968723e-06,0.0001506681796690979,6.792387321790284e-06,4.448482114846111e-08,2.924419272954117e-06,1.6631756594316963e-08,1.2343512984731973e-08
408,4.089999999999957,0.11701832948694564,0.004759090186206637,0.1143360896373749,0.11334206747765853,0.5991209783892152,0.8232990693066707,0.3280465309016983,0.07914334204749242,1.4649374195023679,0.688009754160889,0.36360150227645405,0.9907480895880612,0.11529285608412465,0.599229331513925,0.8232970900335204,0.32789977415450267,0.07914996173349209,1.464937462740636,0.6880069032486062,0.36360151836015575,0.990748101616191,0.0019507886064661162,0.00010835312470985827,1.9792731503372488e-06,0.0001467567471955988,6.619685999671604e-06,4.323826807749474e-08,2.850912282850215e-06,1.608370169773014e-08,1.2028129813742718e-08
409,4.099999999999957,0.11649934190633598,0.004655512095402054,0.11389554215437384,0.10364272080636831,0.5895514184304578,0.8231217868233215,0.33070974503652356,0.17805016876950755,1.4644665597641346,0.6917773946094389,0.3614139306193411,0.9886314141735721,0.10554530991794309,0.5896569950637058,0.8231198563789803,0.33056679422952584,0.17805662032333203,1.4644666017920827,0.6917746152903419,0.361413946173343,0.9886314258947095,0.00190258911157478,0.00010557663324801837,1.9304443411359755e-06,0.00014295080699771185,6.45155382447557e-06,4.202794804526685e-08,2.7793190970348486e-06,1.5554001912242313e-08,1.172113736946963e-08
410,4.109999999999957,0.11598030586011347,0.004554163075052832,0.11345233811575478,0.11560933798252078,0.6015039381282378,0.8245596125944072,0.3329386204478929,0.07988997617549036,1.4592574116121804,0.6954545736002513,0.36702834361413567,0.9879726844856536,0.11746496202977141,0.601606812713726,0.8245577297257114,0.3327993730454182,0.07989626404014416,1.4592574524649535,0.6954518640122842,0.3670283586561709,0.9879726959079562,0.0018556240472506294,0.00010287458548824058,1.8828686958610618e-06,0.00013924740247472583,6.287864653798103e-06,4.085277327492815e-08,2.7095879671623745e-06,1.5042035244071126e-08,1.1422302631034956e-08
411,4.119999999999957,0.11548425732614533,0.004454996011198853,0.11303071206658807,0.1056188640189125,0.5919141464741163,0.8274665175930689,0.3346450469585843,0.178689833598957,1.4574868908899004,0.6989058700285933,0.3630200174295018,0.9861314835624371,0.10742872449191054,0.5920143913608626,0.827464681080528,0.33450940329566947,0.17869596209493466,1.4574869306015898,0.6989032283599954,0.36302003197670274,0.9861314946938364,0.0018098604729980374,0.00010024488674628945,1.8365125409481035e-06,0.0001356436629148771,6.128495977677101e-06,3.971168955155079e-08,2.6416685978775003e-06,1.454720096828725e-08,1.113139932714425e-08
412,4.129999999999956,0.11498837503957958,0.004357964756359354,0.11260673474423333,0.11842651782351345,0.6047668293143765,0.8277781759030639,0.33622109892264257,0.08066497973006068,1.4531470647733025,0.7020283186843758,0.36863392654509886,0.9855152877683117,0.1201917841899558,0.6048645148184733,0.8277763845599111,0.3360889621217211,0.08067095305887051,1.4531471033769776,0.7020257431722712,0.3686339406140178,0.9855152986165194,0.0017652663664423451,9.768550409668246e-05,1.7913431527995846e-06,0.00013213680092143484,5.973328809837671e-06,3.8603675162566664e-08,2.5755121045776354e-06,1.406891889555437e-08,1.084820773290355e-08
413,4.139999999999956,0.11451522895062333,0.004263024110722076,0.11220430813678721,0.10254291774270596,0.5949060880915653,0.8278027939925376,0.3084349275337716,0.1745059459381841,1.4555845665980212,0.7026155161072278,0.3657966839831293,0.9930470208304518,0.10426472833933076,0.5950012825560407,0.8278010466638079,0.30830620342385373,0.1745117681857664,1.455584604125761,0.7026130050362553,0.36579669758975797,0.9930470314029662,0.001721810596624791,9.51944644753171e-05,1.747328729704971e-06,0.00012872410991789196,5.822247582306946e-06,3.7527739872347225e-08,2.511070972439848e-06,1.3606628664388122e-08,1.057251447296167e-08
414,4.149999999999956,0.1140407137994212,0.004170129803662778,0.11179812061050633,0.11348394586740634,0.6048285146644892,0.8279695916333374,0.31684317963170494,0.07647236683036057,1.4528432359426013,0.7094626100126671,0.3589562248932079,0.9925693555874283,0.11516340876551112,0.6049212845173315,0.8279678871949727,0.31671777666997514,0.07647804197040386,1.4528432724255254,0.7094601617136505,0.3589562380529969,0.9925693658915407,0.001679462898104777,9.276985284235809e-05,1.7044383646250732e-06,0.00012540296172978431,5.6751400432912885e-06,3.648292392980079e-08,2.448299016673694e-06,1.315978905803218e-08,1.0304112330774861e-08
415,4.159999999999956,0.1135849426711874,0.004079238475590413,0.11140940349131963,0.09968351324818533,0.5929118391306442,0.826102068446046,0.3238428431721672,0.17423346308237422,1.449679855244717,0.7135419503580669,0.3534828169427336,0.9926306298019195,0.10132170709402999,0.5930022489410476,0.8261004058040271,0.32372067236792645,0.17423899497953244,1.4496798907130142,0.713539563206723,0.35348282967061095,0.9926306398447196,0.00163819384584465,9.040981040342231e-05,1.662642018813186e-06,0.00012217080424073765,5.531897158211322e-06,3.5468297107902113e-08,2.3871513439623713e-06,1.2727877345084542e-08,1.0042800063797544e-08
416,4.1699999999999555,0.11312908779209244,0.003990307660113721,0.11101824870979564,0.11428169084373135,0.6053565175293786,0.8263283093560402,0.33407568326806614,0.07722886113623605,1.4457467957814396,0.7142536838128026,0.36343981238549944,0.9907894968287655,0.11587966567458352,0.6054446300622658,0.8263266874455439,0.3339566581089457,0.07723425354924984,1.4457468302643974,0.7142513562284876,0.3634398246958881,0.9907895066171477,0.0015979748308521734,8.811253288716735e-05,1.6219104962464754e-06,0.0001190251591204186,5.392413013794514e-06,3.4482957774105457e-08,2.3275843150558156e-06,1.2310388643038554e-08,9.788382224410023e-09
417,4.179999999999955,0.11269606331568054,0.0039032957665245584,0.11064875534184089,0.10184476283728444,0.5974321528081593,0.8319192328383457,0.32945081889936184,0.17561205110175462,1.4430004864204766,0.7183652449845536,0.35842451546186216,0.9910518944761165,0.10340354087384185,0.5975180290770368,0.8319176506229269,0.3293348552797397,0.17561730768647976,1.4430005199465086,0.718362975429045,0.35842452736869745,0.9910519040167856,0.0015587780365574004,8.587626887744662e-05,1.5822154188419102e-06,0.00011596361962214342,5.256584725127765e-06,3.352603199062776e-08,2.2695555084805178e-06,1.190683530393161e-08,9.540668986399547e-09
418,4.189999999999955,0.11226084073763273,0.0038181620625937045,0.11027481302413841,0.11495163859016905,0.6084983571949161,0.8457165769762522,0.33723575780015325,0.08008416936990369,1.4289945469423213,0.7206755375930466,0.3697323104526763,0.9901538490549847,0.11647221500606975,0.6085820565131144,0.8457150334470498,0.3371227739517053,0.08008929368224926,1.428994579538994,0.7206733245693613,0.36973232196942263,0.9901538583544607,0.0015205764159006957,8.369931819826041e-05,1.5435292024318443e-06,0.00011298384844796012,5.124312345575903e-06,3.2596672643622424e-08,2.2130236853318977e-06,1.1516746321324703e-08,9.299475976817376e-09
419,4.199999999999955,0.11184694389400454,0.003734866657674589,0.10992112065773078,0.09999537696041946,0.5878393906387247,0.8557446379819645,0.31137424293364013,0.1722688939471531,1.4266563565834203,0.7205506444749957,0.3636228910852941,0.9963404333005568,0.10147872062952956,0.5879209706690744,0.8557431321569311,0.31126415935796103,0.17227388944593258,1.426656388277479,0.7205484865262406,0.36362290222496085,0.9963404423651809,0.001483343669110101,8.158003034978536e-05,1.5058250334752273e-06,0.00011008357567910218,4.995498779474972e-06,3.169405860029713e-08,2.1579487551161905e-06,1.1139666757863559e-08,9.064624113040671e-09
420,4.209999999999955,0.11143104946749469,0.00365337048611058,0.10956326618193465,0.11386668304542383,0.5910812047282022,0.8691884074424477,0.32656053491277864,0.07603958538286837,1.41714726060665,0.7260243251632703,0.3651626390297582,0.994393411486073,0.1153137372675701,0.591160721531196,0.8691869383656012,0.3264532743160089,0.07604445543256588,1.417147291424044,0.7260222208715277,0.3651626498049154,0.9943934203220124,0.0014470542221462757,7.951680299382707e-05,1.4690768464811161e-06,0.00010726059676976406,4.870049697512118e-06,3.0817393893061155e-08,2.104291742609745e-06,1.0775157192698397e-08,8.83593944487279e-09
421,4.2199999999999545,0.1110354861877571,0.003573635290941397,0.1092245494438674,0.1051063409872703,0.5750037019572645,0.8822824839019343,0.33820074605548894,0.1720535217700029,1.407256150985756,0.7290409098260027,0.35957486505323477,0.993884980014289,0.10651802419306478,0.5750812100377516,0.8822810506426322,0.3380962332848867,0.1720582696434576,1.4072561809516628,0.729038857811247,0.35957487547602796,0.993884988627542,0.0014116832057944732,7.750808048709112e-05,1.4332593021220118e-06,0.00010451277060222756,4.7478734547070815e-06,2.996590692981788e-08,2.0520147557046872e-06,1.0422793188065667e-08,8.613253001522085e-09
422,4.229999999999954,0.1106312978526632,0.003495623607904303,0.10887547599708468,0.10050180175899012,0.5807683772345296,0.8957397919726904,0.3213025349691656,0.07676525233137446,1.4058582440788958,0.7212684644362318,0.37791537291608857,0.9941939645687488,0.10187900819437345,0.5808439295869903,0.8957383936249244,0.32120069695156417,0.07676988121238537,1.4058582732177456,0.7212664633552777,0.37791538299825334,0.9941939729651494,0.0013772064353833316,7.5552352460722e-05,1.3983477660151726e-06,0.00010183801760141862,4.628881010912563e-06,2.9138849729547997e-08,2.0010809542109086e-06,1.0082164774359759e-08,8.396400643303634e-09
423,4.239999999999954,0.11025982494411937,0.003419298749725734,0.10855772533709754,0.11167390751769656,0.5611338515882589,0.911651791560709,0.330421239372675,0.17167688393926966,1.3993556165558323,0.7243400549622814,0.36922284046759113,0.9898953457852733,0.1130175079088076,0.5612074997407035,0.9116504272424208,0.33032200505476794,0.1716813969251234,1.3993556448913296,0.7243381035077618,0.3692228502204671,0.9898953539704962,0.0013436003911110501,7.364815244461243e-05,1.3643182881508746e-06,9.923431790704488e-05,4.512985853753852e-06,2.8335497182357774e-08,1.9514545195851432e-06,9.752875953046983e-09,8.185222917913587e-09
424,4.249999999999954,0.10987224539505079,0.003344624790699019,0.1082223190830355,0.09748986828350445,0.5731061074257328,0.9148402925641183,0.321430404425982,0.0749287267268048,1.3987224754371674,0.7208470053895022,0.3829631577506088,0.9913129811160394,0.09880071048246464,0.5731779014822678,0.9148389614165353,0.32133370471638045,0.07493312683072872,1.3987225029923138,0.7208451022888767,0.382963167185153,0.9913129890956043,0.0013108421989601869,7.17940565350317e-05,1.3311475829471324e-06,9.669970960151458e-05,4.4001039239305576e-06,2.7555146333193662e-08,1.9031006255589317e-06,9.434544216796534e-09,7.979564921131639e-09
425,4.259999999999954,0.10952995206963173,0.003271566551543912,0.10793047846449866,0.134917255813462,0.5648006467510766,0.9234829281340414,0.33387611933290784,0.16361840233575525,1.3939738276969909,0.7275098136647457,0.3663273508272843,0.9816494339271189,0.13619616542564472,0.5648706354331807,0.9234816293210315,0.33378188704591594,0.16362269248929806,1.3939738544941065,0.727507957679336,0.3663273599540844,0.981649441706395,0.0012789096121827242,6.99886821041728e-05,1.2988130099112053e-06,9.423228699190125e-05,4.290153542805666e-06,2.6797115688451745e-08,1.8559854096380903e-06,9.126800086226444e-09,7.779276161810107e-09
426,4.269999999999953,0.10917024496878872,0.0032000895845436567,0.10761969741034155,0.12211670768093173,0.5571859574618128,0.9255995532429551,0.33515312663759705,0.06617191132137269,1.3910725162367348,0.7306367149645204,0.38142927752605527,0.987045425384233,0.12336448867426952,0.557254188148363,0.9255982859504002,0.3350612964386528,0.0661760943767149,1.3910725422974792,0.730634904888575,0.3814292863553419,0.9870454329684435,0.0012477809933377903,6.823068655026075e-05,1.2672925548887254e-06,9.183019894426828e-05,4.183055342209837e-06,2.6060744544735897e-08,1.8100759454471497e-06,8.82928666268236e-09,7.584210431014462e-09
427,4.279999999999953,0.10884856533662138,0.0031301601589553245,0.10734575551949736,0.13318173018254306,0.5428879702769538,0.9338429836547122,0.30391477655099225,0.15864138749977746,1.3923594550401017,0.7261945735409375,0.3788755787412323,0.9942297675897525,0.1343991654794081,0.5429544890430407,0.9338417470899003,0.3038252849037235,0.15864546623197384,1.392359480385494,0.7261928082007216,0.3788755872828915,0.9942297749839781,0.0012174352968650404,6.651876608691487e-05,1.236564811881994e-06,8.9491647268724e-05,4.0787321963909336e-06,2.5345392339043723e-08,1.7653402158930475e-06,8.541659196489553e-09,7.394225675183367e-09
428,4.289999999999953,0.10850598044033216,0.003061745246689276,0.10704950180046811,0.11628655219151715,0.5439234231414223,0.9415725329277735,0.30419783997089467,0.06100911823363094,1.386281321444182,0.7280054681841124,0.3878066132639038,0.9949955346068404,0.11747440424369415,0.5439882747959928,0.9415713263188081,0.30411062508574105,0.06101309534278698,1.38628134609462,0.7280037464370253,0.38780662152748846,0.9949955418160243,0.0011878520521769996,6.485165457049298e-05,1.20660896541951e-06,8.721488515362877e-05,3.9771091560412354e-06,2.465043801968289e-08,1.7217470871232113e-06,8.263584670136798e-09,7.2091838731810874e-09
429,4.299999999999953,0.10820118068568846,0.0029948125082535975,0.10678980532672219,0.13176340994229516,0.5465979885632425,0.9452733961645563,0.30421867725858154,0.15885846706918536,1.3873252276233883,0.7305848332369392,0.37666180690183765,0.9891568849739877,0.13292242128954967,0.5466612166856066,0.9452722187597828,0.3041336790429341,0.1588623451825697,1.3873252515986678,0.730583153970656,0.376661814896579,0.9891568920029385,0.0011590113472545124,6.322812236419465e-05,1.177404773459441e-06,8.499821564742391e-05,3.878113384336853e-06,2.397527943724402e-08,1.6792662832538466e-06,7.994741395871628e-09,7.028950917119376e-09
430,4.3099999999999525,0.1078728962658267,0.002929330278959174,0.10650544946597838,0.10567932864716922,0.554458164589877,0.9513007663233103,0.29645611116434795,0.06437228223272556,1.3829388162995406,0.7313258818824657,0.39123377190251357,0.9893846234377732,0.1068102224598988,0.5545198115651147,0.9512996173907595,0.29637327117416135,0.06437606390682049,1.3829388396188733,0.7313242440141039,0.3912337796373322,0.9893846302911697,0.001130893812729578,6.164697523773803e-05,1.1489325508102792e-06,8.28399901866035e-05,3.7816740949260636e-06,2.331933275497833e-08,1.6378683618450807e-06,7.734818627202064e-09,6.853396496829319e-09
431,4.319999999999952,0.10758275575517412,0.0028652675553815826,0.10625792296051131,0.1287164053011957,0.5549583345600546,0.959481664186495,0.3078645907293249,0.15767683891521322,1.3790462920704543,0.7384462929630649,0.370100792611799,0.9819686882116276,0.1298198859076365,0.5550184416133561,0.959480543013342,0.30778385212215653,0.15768052663770504,1.379046314752486,0.7384446954383748,0.3701008000953152,0.9819686948940216,0.00110348060644078,6.0107053301461314e-05,1.1211731530524255e-06,8.073860716839343e-05,3.6877224918053244e-06,2.2682031877950137e-08,1.5975246901002687e-06,7.483516183821933e-09,6.682393987868245e-09
432,4.329999999999952,0.10727224923735643,0.0028025939820755597,0.10598885735180659,0.10817024850090146,0.5569066024083187,0.9657021920542548,0.30102373912485475,0.061796883959139466,1.3747515433403024,0.7398468241473699,0.3863987050798983,0.9848821033445163,0.1092470018993481,0.5569652096382924,0.9657010979462939,0.300945046614288,0.06180048015085049,1.3747515654031304,0.7398452659399481,0.38639871232044243,0.9848821098603366,0.0010767533984466456,5.860722997374261e-05,1.0941079609450572e-06,7.86925105667509e-05,3.5961917110235607e-06,2.2062827900355258e-08,1.5582074217675367e-06,7.2405440894898195e-09,6.515820342950053e-09
433,4.339999999999952,0.1070046049806243,0.0027412798385380212,0.10576137590570377,0.1355339406161952,0.5585573114082227,0.9677837382089889,0.29679933979715106,0.15669469037155886,1.3762532879729166,0.7438797804499249,0.37385216228288926,0.9780807595181534,0.13658463497267803,0.5586144578192034,0.9677826704901236,0.2967226396085607,0.15669819738832302,1.3762533094341052,0.7438782605604501,0.3738521692885115,0.9780807658717094,0.0010506943564828398,5.714641098066528e-05,1.0677188653030338e-06,7.670018859033894e-05,3.507016764157554e-06,2.146118857041571e-08,1.5198894747222423e-06,7.005622222411564e-09,6.353555986691036e-09
434,4.349999999999952,0.10671570157725345,0.002681296026415694,0.10551153943534462,0.11375396371316476,0.5603753442765995,0.9737228608448272,0.29270769320358125,0.06080912793037608,1.371880337448545,0.7452948746021562,0.3894175988434494,0.9815097813625403,0.11477924984501442,0.5604310678099864,0.9737218188565748,0.2926329330312001,0.060812548064859584,1.3718803583251429,0.745293392057647,0.3894176056219294,0.981509787558025,0.0010252861318496625,5.572353338688982e-05,1.0419882523291935e-06,7.476017238117259e-05,3.4201344835026864e-06,2.0876597772282124e-08,1.4825445092097535e-06,6.778479977689701e-09,6.195484713566822e-09
435,4.3599999999999515,0.106466971972272,0.002622614056953442,0.10530069002040646,0.13744530609975034,0.5577347778815555,0.9756080339286773,0.29318956272621893,0.1560198318521922,1.3758792024586979,0.7502715121875912,0.37358461238042,0.9729880132520589,0.13844581794546684,0.5577891154462122,0.975607017029688,0.29311669169146626,0.15602316733566113,1.375879222767253,0.7502700660406845,0.37358461893927597,0.9729880192935525,0.0010005118457165154,5.4337564656733e-05,1.016898989387744e-06,7.28710347526782e-05,3.3354834689255214e-06,2.030855502439236e-08,1.4461469067285537e-06,6.5588559414201425e-09,6.041493588979446e-09
436,4.369999999999951,0.10619807662840659,0.0025652060386792404,0.10506850960278558,0.1238157989512602,0.5607265609593971,0.9805332590741954,0.29523693612291496,0.05820427406091481,1.3721439990162398,0.7438991934995934,0.38547390917660973,0.9765038860407522,0.12479215402709087,0.5607795484611415,0.9805322666397842,0.295165904733949,0.05820752706495114,1.3721440187728149,0.7438977828278439,0.3854739155231073,0.9765038919322251,0.0009763550758306779,5.298750174447968e-05,9.924344112050478e-07,7.103138896594221e-05,3.253004036325999e-06,1.975657499375429e-08,1.410671749534304e-06,6.3464975760308445e-09,5.891472853336641e-09
437,4.379999999999951,0.10596415891119973,0.0025090446653220815,0.10487032971918936,0.13543712724367554,0.5550239951736476,0.981492408645054,0.29560814408565367,0.1565496490215482,1.376674724621972,0.7496716536336265,0.3778870395051146,0.9695260896323439,0.13638992708729347,0.5550756675438606,0.9814914400667476,0.2955389041981107,0.15655282165971585,1.376674743842159,0.7496702775388258,0.3778870456462755,0.9695260953776597,0.0009527998436179316,5.1672370212993416e-05,9.68578306484403e-07,6.923988754296675e-05,3.172638167659145e-06,1.9220187025637738e-08,1.3760948007460827e-06,6.141160916471155e-09,5.745315829048953e-09
438,4.389999999999951,0.10570681152464867,0.0024541032039588195,0.10464768111902106,0.1164263683182157,0.5588187736575093,0.9860731587948338,0.30248807277388196,0.05989970804219033,1.3728467497788224,0.7425804679152374,0.3894321148073058,0.9734673044181597,0.1173561989198788,0.558869164880889,0.9860722134799289,0.3024205775527662,0.0599028023716528,1.372846768477757,0.7425791255227523,0.38943212074991607,0.9734673100210784,0.0009298306016630965,5.039122337971479e-05,9.453149049219641e-07,6.749522111578816e-05,3.0943294624673887e-06,1.8698934688177493e-08,1.3423924850366319e-06,5.942610276874535e-09,5.602918830352882e-09
439,4.399999999999951,0.10548776959109991,0.002400355483386378,0.10446228993986183,0.13732948634513145,0.5574828887406577,0.9868810658928531,0.30061668120292345,0.15668892087753072,1.375625976337025,0.7476439180905009,0.37970747284919404,0.9655940804623873,0.1382369185666903,0.5575320318821468,0.9868801432639884,0.3005508850856131,0.1566919389006216,1.3756259945294005,0.747642608548631,0.379707478599812,0.9655940859265684,0.0009074322215588266,4.914314148917268e-05,9.226288646113088e-07,6.579611731034655e-05,3.0180230908764354e-06,1.8192375331406017e-08,1.3095418698889652e-06,5.750617967330695e-09,5.4641810758716155e-09
440,4.40999999999995,0.10524658583233194,0.00234777588271534,0.10425391924003741,0.11074295088949522,0.5673966802463165,0.9937909278160114,0.2908466521610369,0.06248943465223581,1.3680181885161407,0.7547784158312484,0.38733689736842036,0.9687594783906184,0.11162854087160667,0.5674446074772277,0.9937900273107516,0.29078251082137285,0.06249237831798382,1.3680182062162203,0.754777138310601,0.3873369029333844,0.968759483719623,0.0008855899821114474,4.792723091115694e-05,9.00505259824513e-07,6.414133966403393e-05,2.9436657480090723e-06,1.770007966024998e-08,1.2775206474022482e-06,5.5649640204158695e-09,5.329004603827474e-09
441,4.41999999999995,0.10504110567329251,0.0022963393201813134,0.10408014110816964,0.137009483985213,0.5634308088029674,0.9974865266970312,0.30910379653457437,0.15598156801210855,1.3702805023791518,0.7507638767503217,0.37598336942087424,0.961176068974523,0.13787377354310593,0.563477551426331,0.9974856477674621,0.3090412668479985,0.15598443921771832,1.370280519600783,0.7507626304432051,0.37598337480631017,0.9611760741718172,0.000864289557892917,4.6742623363734126e-05,8.789295691581153e-07,6.252968657587873e-05,2.8712056097726737e-06,1.7221631321040173e-08,1.2463071166304155e-06,5.385435927142427e-09,5.197294189823185e-09
442,4.42999999999995,0.10481503557541928,0.002246021242170563,0.10388495050399721,0.1137754466338592,0.5725260345256798,1.001680720129536,0.29976659999024485,0.060464368358418605,1.36556848372847,0.7576633028169281,0.38474374363389335,0.9624663005803291,0.11461896364198765,0.5725716230008402,1.0016798622418719,0.2997056399999565,0.06046716895070858,1.3655685004850966,0.7576620869367616,0.3847437488457217,0.9624663056492864,0.0008435170081284436,4.55884751603092e-05,8.578876640325743e-07,6.095999028835947e-05,2.800592289977686e-06,1.6756626501099595e-08,1.2158801664374433e-06,5.211828382000796e-09,5.068957267111523e-09
443,4.43999999999995,0.10462845327016589,0.00219679761245594,0.10372818540023893,0.14257246974576818,0.5729299402736053,1.0032006528576232,0.30821747447497144,0.1550671039691636,1.3700786288835132,0.754328096188936,0.37686263699299705,0.955067740993509,0.1433957285116776,0.5729744042400853,1.0031998154918256,0.3081580433590716,0.15506983574596234,1.3700786451881868,0.7543269099696772,0.3768626420369401,0.9550677459374128,0.0008232587659094255,4.446396647996676e-05,8.373657975342853e-07,5.943111589987082e-05,2.731776798745687e-06,1.6304673540987854e-08,1.186219258853751e-06,5.04394303677786e-09,4.9439038492757085e-09
444,4.4499999999999496,0.10442508430481587,0.0021486449016399007,0.10355377537230821,0.12719165606666397,0.5877574985435304,1.0066257385501391,0.30035627937213893,0.058280992385988335,1.3659282354381652,0.7588742183048989,0.3848400138473489,0.9556948203372521,0.12799515769438585,0.5878008668441908,1.0066249211995455,0.30029833741173206,0.058283657097490504,1.3659282513035578,0.7588730610004859,0.38484001872893714,0.9556948251592985,0.0008035016277218954,4.336830066034903e-05,8.173505935895347e-07,5.794196040689695e-05,2.664711502166982e-06,1.5865392558994625e-08,1.157304412918641e-06,4.88158826284807e-09,4.8220464552451126e-09
445,4.459999999999949,0.10425585005806719,0.002101540076800821,0.10341263197938655,0.14310286249008636,0.5863702707034691,1.0072948470572578,0.3068820385179575,0.15636299666981257,1.370005941419807,0.7555171901661915,0.37858265972251554,0.9517773289268615,0.1438870952333673,0.5864125714069814,1.0072940492282214,0.3068255470661825,0.15636559601989575,1.370005956858222,0.7555160610500025,0.37858266444709443,0.9517773336301616,0.0007842327432809219,4.2300703512349604e-05,7.978290364601314e-07,5.649145177497564e-05,2.5993500831689097e-06,1.5438415087488497e-08,1.1291161889941661e-06,4.72457892164288e-09,4.703300036573695e-09
446,4.469999999999949,0.10406634092672391,0.0020554605913392365,0.10325037470028003,0.127933621935167,0.6000839667372228,1.0104803041931227,0.3102627165590168,0.05880950172475959,1.3665667678011368,0.7525681763192849,0.38329893746251714,0.9522632021543362,0.12869906154082855,0.6001252271598787,1.0104795254046621,0.3102076380109793,0.05881203737226315,1.3665667828245205,0.7525670746836113,0.3832989420352533,0.9522632067419181,0.0007654396056615548,4.126042265593005e-05,7.787884605507405e-07,5.5078548037566713e-05,2.535647503557334e-06,1.5023383720739016e-08,1.1016356735362736e-06,4.57273614301511e-09,4.5875819069103704e-09
447,4.479999999999949,0.10391126549262876,0.002010384375020573,0.10312186272970675,0.13457021050808493,0.5963530393272044,1.0099847316732176,0.29436633865714934,0.1568869429793759,1.371526100961267,0.7510560065820633,0.37839624789165616,0.9566542364008388,0.1353173205498024,0.5963932860540808,1.009983971456677,0.29431263642072736,0.15688941653934307,1.3715261155812186,0.751054931737599,0.37839625231754326,0.9566542408756504,0.00074711004171747,4.0246726876385004e-05,7.602165405183188e-07,5.3702236421964934e-05,2.4735599671949612e-06,1.4619951773844037e-08,1.0748444643094753e-06,4.425887111225038e-09,4.474811673593325e-09
448,4.489999999999949,0.10375504218896474,0.0019662898242108597,0.102990979350947,0.16112256187052146,0.6206519350970744,0.9911521808689833,0.3105070030540751,0.06845597298260271,1.3785626177963306,0.7582439448569436,0.3683839249968885,0.948357858553872,0.16185179407329997,0.6206911940025748,0.9911514387677016,0.31045464152157365,0.068458386027487,1.3785626320241136,0.7582428961322876,0.36838392928075336,0.9483578629187832,0.0007292322027785031,3.9258905500405806e-05,7.421012816743137e-07,5.2361532501425525e-05,2.4130448842813214e-06,1.422778295240557e-08,1.0487246560317664e-06,4.283864858283921e-09,4.3649111713019864e-09
449,4.4999999999999485,0.10362204116163486,0.0019231557923022103,0.102882882828495,0.14541233983028143,0.6026161261691078,1.0030138777331739,0.28351935880276136,0.16026267467781286,1.3761284494681205,0.7549598487503116,0.3735298153068162,0.9576692068608231,0.1461241343859001,0.602654422436899,1.0030131533021631,0.2834683033233887,0.16026502873864956,1.3761284633146715,0.7549588254914852,0.3735298194533243,0.9576692111186276,0.0007117945556186662,3.829626779131362e-05,7.244310106706024e-07,5.105547937269587e-05,2.3540608367002585e-06,1.3846551032608661e-08,1.0232588264368786e-06,4.146508064400073e-09,4.257804397702856e-09
450,4.509999999999948,0.1034721712971704,0.001880961580324624,0.10275699244204174,0.14577307863243477,0.6121167734164191,1.0044767114490505,0.3064093024502998,0.06369720246701123,1.372224209632848,0.7518457531781856,0.3793212462668937,0.9573451255976299,0.14646786450612126,0.612154131558782,1.004476004254684,0.30635951930344163,0.06369949903455563,1.3722242231087876,0.7518447547481628,0.3793212502805545,0.9573451297510474,0.0006947858736865002,3.7358142362851465e-05,7.071943664604366e-07,4.9783146858172386e-05,2.2965675444020562e-06,1.347593955136991e-08,9.984300227413695e-07,4.013660865282047e-09,4.153417451027205e-09
451,4.519999999999948,0.10335243325357318,0.0018396869277409469,0.10266061588306559,0.14999364261553938,0.5994973159157826,1.0059943755742626,0.29330329446424386,0.16124724087766892,1.3764964404283089,0.7488703687123602,0.37012484109637395,0.9619641564469316,0.1506718378441292,0.5995337597923935,1.005993685193971,0.29325475083351193,0.1612494814035017,1.3764964535439503,0.7488693944906117,0.37012484498154663,0.96196416049861,0.0006781952285898043,3.644387661094813e-05,6.903802915259268e-07,4.8543630731926634e-05,2.240525832788176e-06,1.311564150623286e-08,9.742217485044287e-07,3.885172666061396e-09,4.051678469520757e-09
452,4.529999999999948,0.1032187926371758,0.0017993120034217153,0.10254947341362383,0.15146276754262916,0.6106129989232054,1.0078915712899048,0.29929659632539624,0.06239273882617499,1.3718437417886338,0.749088764801391,0.376490965131642,0.9625716251995627,0.15212477952445624,0.6106485517593683,1.0078908973118814,0.29924926027342735,0.06239492472377606,1.3718437545539928,0.7490878141834401,0.37649096889253997,0.9625716291520803,0.0006620119818270762,3.555283616288212e-05,6.73978023363883e-07,4.7336051968867e-05,2.1858976010676883e-06,1.2765359064697722e-08,9.506179508686662e-07,3.760897961605927e-09,3.952517572707219e-09
453,4.539999999999948,0.10311307924361292,0.0017598173967966384,0.10246558961676332,0.16120500825153222,0.6059895113049807,1.009666635976334,0.31444317288930773,0.16015574929329365,1.373265902667103,0.7495206693186387,0.36802200483999714,0.958113516844996,0.1618512340282905,0.606024195709324,1.0096659779992478,0.3143970133332914,0.1601578819390852,1.3732659150919062,0.7495197417156305,0.36802200848069333,0.9581135207008629,0.0006462257767582698,3.468440434329601e-05,6.579770862220718e-07,4.61595560163275e-05,2.1326457915555286e-06,1.2424803282683254e-08,9.276030081704786e-07,3.6406961630027664e-09,3.855866804409681e-09
454,4.549999999999947,0.10299733935009538,0.001721184109179757,0.10237117505158685,0.13969814256985721,0.6187046077408996,1.0087350047745505,0.272098171741204,0.07435973557619673,1.372610316108733,0.7522003292140961,0.375645112594472,0.9705465336119332,0.14032896910066484,0.6187384457225562,1.0087343624072673,0.2720531584291166,0.0743618163105566,1.372610328202427,0.7521994240523782,0.3756451161189034,0.9705465373735933,0.000630826530807617,3.383798165652603e-05,6.423672830782204e-07,4.501331208739478e-05,2.080734359883429e-06,1.2093693831828776e-08,9.05161717908966e-07,3.5244314299978443e-09,3.761660077475241e-09
455,4.559999999999947,0.10290652279211447,0.0016833935452649827,0.10230107359158819,0.14585302516124762,0.6135675938483581,1.0135508464720984,0.2937003169935319,0.17017975118723147,1.3740430884579968,0.7551959550545184,0.3624675362320855,0.9616095678656855,0.1464688295891392,0.6136006068336428,1.0135502193334105,0.29365642048105656,0.17018178131547756,1.3740431002297555,0.7551950717752334,0.362467539644058,0.9616095715355186,0.0006158044278915826,3.301298528473184e-05,6.271386878543173e-07,4.389651247530794e-05,2.030128246095677e-06,1.1771758735353278e-08,8.832792850627159e-07,3.411972509185641e-09,3.6698331201505053e-09
456,4.569999999999947,0.10280021795144827,0.0016464275047891157,0.10221470004655356,0.14802622067759091,0.6233074858796004,1.0157028391538736,0.30728269246961404,0.07237925512771035,1.3681893734183073,0.7546878002199207,0.3730341881620019,0.9620843428741799,0.14862737058865605,0.6233396947282017,1.0157022268722358,0.30723988409772574,0.07238123592105694,1.3681893848770414,0.7546869382786099,0.37303419146519445,0.9620843464545032,0.0006011499110651491,3.220884860132699e-05,6.122816378590269e-07,4.2808371888286226e-05,1.9807933466022713e-06,1.1458734112198123e-08,8.619413107440314e-07,3.3031925777510998e-09,3.5803234240566834e-09
457,4.579999999999947,0.10272347436145024,0.001610268174359249,0.10215738128244671,0.15069850385781744,0.614391769683005,1.0167800343746936,0.2938585628443061,0.1704653995709483,1.3721085169524005,0.7522689209475838,0.3645628725405875,0.9663545766409959,0.15128535753319738,0.6144231947037042,1.0167794365879672,0.293816814717502,0.17046733226743527,1.3721085281067644,0.7522680798138026,0.3645628757385566,0.966354580134066,0.0005868536753799338,3.142502069922656e-05,5.97786726451224e-07,4.174812680415855e-05,1.932696486963318e-06,1.1154363929188703e-08,8.411337811806106e-07,3.1979690925715033e-09,3.4930701937150675e-09
458,4.589999999999947,0.1026308078131491,0.0015748981194416486,0.10208340171073184,0.15268161231566196,0.6230522662658017,1.018386644340571,0.3077116301212632,0.07211881821334823,1.3690246208907986,0.7543530762472853,0.3701082992681314,0.9632004765743192,0.1532545189766097,0.6230829272317351,1.018386060695775,0.307670915086419,0.07212070401874371,1.3690246317491983,0.7543522554042283,0.370108302364315,0.9632004799823335,0.0005729066609477219,3.066096593344453e-05,5.836447959179281e-07,4.0715034844190385e-05,1.8858053954791157e-06,1.0858399760958915e-08,8.20843057014894e-07,3.096183644493265e-09,3.4080142975751563e-09
459,4.599999999999946,0.10256719119817659,0.001540300276509147,0.10203800238898955,0.15439613642209565,0.6141283852542965,1.0196443417492684,0.2924849494348701,0.17021234380181602,1.3717924056995814,0.7517833437616316,0.36507899215391265,0.9679084333438512,0.154955436468299,0.614158301417774,1.019643771902338,0.2924452410607046,0.1702141838904936,1.371792416270182,0.7517825427057687,0.36507899515163444,0.9679084366689494,0.0005593000462033498,2.9916163477589155e-05,5.698469305600569e-07,3.9708374165520426e-05,1.84008867756121e-06,1.0570600557390738e-08,8.010558629116161e-07,2.9977218176054835e-09,3.325098220498981e-09
460,4.609999999999946,0.10248769550525387,0.001506457945344234,0.10197603848507607,0.15565265270748976,0.6230310556948591,1.0212209852281124,0.30326825085262626,0.07151699099768856,1.3686919416261116,0.7551896467934199,0.37040264209890406,0.9647329426560571,0.15619867794885067,0.6230602458017529,1.0212204288436624,0.3032295234097546,0.07151878651347943,1.3686919519168441,0.7551888650341425,0.3704026450013771,0.9647329459003231,0.0005460252413609169,2.91901068938173e-05,5.563844499797039e-07,3.8727442871639816e-05,1.7955157908605585e-06,1.029073241832907e-08,7.817592774644436e-07,2.9024730533371563e-09,3.2442660176569647e-09
461,4.619999999999946,0.10243722893428757,0.001473354781494889,0.1019426616924957,0.15729317874157825,0.6140035233910373,1.0222149099285935,0.2897639521012974,0.16957785843345186,1.3748030259161783,0.7531871161028872,0.36183990504651675,0.9661156042525694,0.1578262526236358,0.614032005694753,1.022214366679691,0.28972618054285704,0.169579610490473,1.3748030359347467,0.7531863531621639,0.3618399078568473,0.9661156074180326,0.00053307388205757,2.8482303715826353e-05,5.432489025627893e-07,3.7771558440361954e-05,1.7520570211296282e-06,1.0018568375340113e-08,7.629407233927725e-07,2.8103305192120315e-09,3.1654632697918183e-09
462,4.629999999999946,0.10236911197728953,0.001440974788880542,0.10189099507830275,0.15725101255327897,0.6240982693256467,1.0236087987616127,0.30392028043681873,0.07142659697925159,1.3695420445615005,0.7554606363656765,0.36717338742348044,0.9652422371436912,0.15777145037645823,0.6241260616006912,1.0236082683295535,0.30388344037965,0.07142830666271038,1.3695420543153887,0.7554598917777184,0.36717339014467143,0.9652422402323282,0.000520437823179258,2.779227504447141e-05,5.304320591511531e-07,3.684005716875049e-05,1.7096834587959726e-06,9.753888180288484e-09,7.445879580200994e-07,2.7211909821004854e-09,3.088637039808561e-09
463,4.6399999999999455,0.10233006347043659,0.001409302312545243,0.10186798684793427,0.1583472354106906,0.6154639137801189,1.0251439053950497,0.2866130634799117,0.16872444086321614,1.3742034297888603,0.7559169448168865,0.35580870679481147,0.9673491752640643,0.15885534454355366,0.6154910333352746,1.025143387469143,0.28657713118627726,0.16872610923019238,1.3742034392853384,0.7559162181278225,0.35580870942976617,0.9673491782778001,0.000508109132863074,2.7119555155613234e-05,5.179259068983242e-07,3.593229363448839e-05,1.6683669762256113e-06,9.49647810051638e-09,7.266890640256084e-07,2.6349546858132364e-09,3.0137358306498135e-09
464,4.649999999999945,0.10227544921982422,0.0013783220315554303,0.10182885700990771,0.15480827909450207,0.6264875490377562,1.0269932816626595,0.2867045760666738,0.07027962444670532,1.3681085137812004,0.7621065707656408,0.3655811538161,0.9670285048802322,0.1553043591811729,0.626514012728876,1.0269927759400161,0.2866695284265006,0.07028125252691098,1.368108523027331,0.7621058615332004,0.3655811563676252,0.9670285078209417,0.0004960800866708583,2.646369111981188e-05,5.057226433034173e-07,3.50476401731876e-05,1.6280802056551357e-06,9.246130720414256e-09,7.092324404608763e-07,2.55152523288718e-09,2.940709544417152e-09
465,4.659999999999945,0.10224712915327093,0.0013480189520396087,0.10181554822003347,0.1635286383258292,0.6221671888789987,1.0285021684385103,0.298625468019751,0.16838534765316085,1.3715601645212585,0.7627682338074181,0.3567869244191718,0.9601972925165146,0.16401298148775822,0.6221930131214322,1.0285016746238398,0.29859128253337985,0.16838693644967861,1.3715601735239034,0.7627675416006241,0.35678692688998126,0.960197295386024,0.00048434316192901716,2.5824242433495563e-05,4.93814670417744e-07,3.418548637115324e-05,1.5887965177721916e-06,9.002644749179911e-09,6.922067940238488e-07,2.4708094704191126e-09,2.8695094427001776e-09
466,4.669999999999945,0.10220181408481141,0.0013183784003673006,0.10178468832636564,0.1630959076495788,0.6325928286247599,1.0307008867153469,0.308281793738881,0.07040592977338314,1.367601744395755,0.7596694888336959,0.3697301755557232,0.9606985560651724,0.1635687986818084,0.6326180294054211,1.0307004045207577,0.30824844850030786,0.07040748026338406,1.3676017531615798,0.7596688132325653,0.36973017794844054,0.9606985588652606,0.0004728910322296236,2.5200780661244693e-05,4.821945892189161e-07,3.334523857313353e-05,1.550490000924571e-06,8.765824834569111e-09,6.756011305824788e-07,2.3927173798074968e-09,2.800088108076464e-09
467,4.679999999999945,0.1021874317349328,0.0012893860164646873,0.10178434997129363,0.17036335297166033,0.6184704931224462,1.029265229636404,0.2767929548466728,0.16214408684935577,1.3787704312991436,0.7492379389579461,0.3621671457497118,0.967604760524132,0.17082506953374832,0.618495086011535,1.0292647587812098,0.27676042852726823,0.16214559998479672,1.378770439834625,0.7492372795531992,0.3621671480668738,0.9676047632565314,0.00046171656208798606,2.4592889088843547e-05,4.708551941473851e-07,3.252631940459937e-05,1.513135440938816e-06,8.535481382447568e-09,6.594047469406436e-07,2.3171619702681337e-09,2.7323994067465856e-09
468,4.689999999999944,0.10216736668825961,0.0012610277472644173,0.10177768140968435,0.1890118580181691,0.6308624509823741,1.029508056420915,0.26328631602053365,0.06619648512246534,1.373432143145224,0.7552900283823194,0.36865732096942416,0.9657525321674838,0.1894626708199212,0.6308864511447609,1.029507596631447,0.26325458785322553,0.06619796183076687,1.3734321514566545,0.7552893847750966,0.3686573232134833,0.9657525348338822,0.000450812801752079,2.400016238676335e-05,4.5978946780050616e-07,3.17281673081122e-05,1.4767083015298175e-06,8.311430381959673e-09,6.436072228391891e-07,2.244059175993402e-09,2.6663984522693817e-09
469,4.699999999999944,0.1021685699634392,0.0012332898402870479,0.10179181489903547,0.2006857344930568,0.6217853812375714,1.0325720689528306,0.2942050899386841,0.15926596971317739,1.3745841241953805,0.7583360124185309,0.3577385110078475,0.96081201591644,0.20112590747521608,0.6218088034438551,1.0325716199622548,0.29417413970259076,0.15926741089788266,1.3745841322888737,0.7583353842201177,0.3577385131811752,0.9608120185184816,0.0004401729821592936,2.3422206283749916e-05,4.4899057577938166e-07,3.0950236093353106e-05,1.4411847052834517e-06,8.093493236136059e-09,6.281984131851619e-07,2.173327756829635e-09,2.6020415703642064e-09
470,4.709999999999944,0.10215879661461007,0.0012061588373516927,0.1017943420406722,0.21949734045184177,0.6298797321638161,1.0395029652053565,0.3006650337438431,0.06580833533676836,1.3768002979761176,0.7382716732480095,0.37568578813047665,0.9555873061144896,0.219927130961878,0.6299025908010663,1.0395025267534947,0.30063484174934274,0.06580974187818356,1.3768003058576141,0.738271060079569,0.37568579023536586,0.9555873086537758,0.00042979051003622326,2.2858637250202426e-05,4.384518616838818e-07,3.019199450039822e-05,1.406541415194884e-06,7.881496597767295e-09,6.131684405024955e-07,2.1048892023519234e-09,2.539286264747307e-09
471,4.719999999999944,0.1021706353589184,0.0011796215684133995,0.10181812714712667,0.22178097615536013,0.6048085620575202,1.0549391916669462,0.2925248613358804,0.15954351266465655,1.3779009388098975,0.7231407308010256,0.3783646556261931,0.961760011617398,0.2222006351184973,0.6048308711397112,1.054938763500104,0.2924954084101046,0.1595448854204733,1.3779009464851697,0.723140132293338,0.3783646576648607,0.9617600140954892,0.0004196589631371826,2.2309082191035834e-05,4.281668422513853e-07,2.9452925775839624e-05,1.372755816745709e-06,7.675272210376633e-09,5.985076875976404e-07,2.03866763921898e-09,2.4780911839710348e-09
472,4.729999999999944,0.10217305323270025,0.0011536651455249373,0.10183195181937124,0.23524032516354568,0.6059806742864138,1.0555734550270428,0.2727904661131281,0.06483568407187107,1.3814409783058437,0.7075087315808187,0.39045452004112635,0.9691952850561605,0.23565009724916308,0.6060024474645616,1.0555730368978402,0.27276173358586675,0.06483702387777157,1.3814409857805003,0.7075081473740283,0.39045452201571607,0.9691952874745766,0.00040977208561740545,2.177317814773401e-05,4.181292026349234e-07,2.8732527261362364e-05,1.3398059005036143e-06,7.474656754130465e-09,5.842067904337942e-07,1.9745897416953083e-09,2.4184160892353217e-09
473,4.739999999999943,0.10220038150059979,0.0011282769569205874,0.10187018122271432,0.26081655882758364,0.5940693939673828,1.0665166289060404,0.2919557547700324,0.15655459107925715,1.3849149360358881,0.7018159473916938,0.3777818974150168,0.9591980653357575,0.26121668261112063,0.5940906445393921,1.0665162205732486,0.291927724460038,0.15655589874950238,1.3849149433153798,0.7018153771350626,0.3777818993276014,0.9591980676959793,0.00040012378353698036,2.125057200930548e-05,4.083327918165383e-07,2.8030309994400657e-05,1.307670245228772e-06,7.279491696529876e-09,5.70256631207613e-07,1.9125846452321345e-09,2.3602218231418662e-09
474,4.749999999999943,0.10221703630041772,0.0011034446612196722,0.10189733924239838,0.26028960800836376,0.586051991112103,1.0562945214860802,0.2689763229948078,0.06370939857744955,1.3862610263357755,0.7138402684152545,0.39186843081284906,0.9775786942912488,0.26068031612885534,0.5860727320323349,1.056294122714462,0.26894897719648725,0.06371067490545101,1.3862610334253986,0.7138397117669228,0.3918684326654329,0.9775786965947191,0.0003907081204916062,2.0740920231867278e-05,3.9877161815181177e-07,2.7345798320508407e-05,1.2763280014716328e-06,7.0896231477320916e-09,5.56648331622441e-07,1.8525838630013554e-09,2.3034702793623824e-09
475,4.759999999999943,0.10225414194357796,0.001079156181747527,0.1019445126890971,0.2790768303700428,0.5752842487573886,1.066264623926725,0.29469164571802686,0.15565679842405264,1.3897689861769142,0.7076258660283226,0.37999844991727794,0.9664174684986948,0.2794583496834093,0.5753044926459552,1.06626423448688,0.29466496718850976,0.15565804418292828,1.389768993081816,0.7076253226550762,0.37999845171179913,0.9664174707468192,0.00038151931336648806,2.024388856658702e-05,3.894398450416317e-07,2.6678529517089692e-05,1.2457588756473322e-06,6.90490172035529e-09,5.433732463523003e-07,1.7945212052812162e-09,2.24812437319324e-09
476,4.769999999999943,0.10227967234663171,0.0010553997009716924,0.10197989988764183,0.2572809027032102,0.5831425088098018,1.0588289847430332,0.26594057748788386,0.0661381321700963,1.38990310403968,0.7208072284176601,0.39067909195244555,0.9831352750111444,0.25765345443141996,0.5831622679615975,1.0588286044112465,0.2659145494344557,0.06613934811321087,1.3899031107648625,0.7208066979947034,0.39067909369077825,0.9831352772052924,0.00037255172820975285,1.975915179572563e-05,3.8033178672739276e-07,2.602805342814633e-05,1.2159431145722893e-06,6.725182393625077e-09,5.304229566910347e-07,1.7383327015959455e-09,2.1941480129695093e-09
477,4.7799999999999425,0.10232422695329732,0.0010321636550511394,0.10203388764107445,0.27771898450183524,0.5685972987504235,1.0687349902806933,0.2945416605704209,0.1565695683457222,1.3936132956785898,0.7155988375919304,0.3797644906212283,0.9723178823345635,0.2780827843780571,0.5686165851439,1.0687346188387892,0.2945162666383112,0.15657075520721264,1.393613302228914,0.7155983198026661,0.37976449230518483,0.9723178844760696,0.0003637998762218473,1.9286393476528677e-05,3.714419042059469e-07,2.539393210971033e-05,1.1868614904491088e-06,6.550324381725137e-09,5.177892643811916e-07,1.6839565255141068e-09,2.1415060723125878e-09
478,4.789999999999942,0.10235300798544099,0.0010094367284963317,0.10207190129636208,0.25555683514857847,0.57821632341574,1.0604995875802317,0.27483458079918927,0.06419648635797967,1.3927837896489161,0.7226849434844094,0.38772663185985085,0.9900008221537427,0.255912093558436,0.5782351487214328,1.0604992248154304,0.27480980505970365,0.06419764485326596,1.3927837960291072,0.7226844380202238,0.38772663349118375,0.9900008242439071,0.0003552584098575783,1.8825305692724067e-05,3.627648012607332e-07,2.4775739485638846e-05,1.1584952862862976e-06,6.3801910062198245e-09,5.054641856173687e-07,1.6313329220150862e-09,2.0901643631859483e-09
479,4.799999999999942,0.10240437628593141,0.000987207848938078,0.10213208762748405,0.2801096433142317,0.5659579491715999,1.0712405828996585,0.2959389583808508,0.1557090450690832,1.3973177847573612,0.7176877306619257,0.37658724092064155,0.9780701255375768,0.28045656543326913,0.5659763247604133,1.071240228604438,0.2959147853198374,0.15571017589536496,1.3973177909720107,0.7176872372219805,0.3765872425010457,0.9780701275776664,0.00034692211903742423,1.8375588813390402e-05,3.5429522060561814e-07,2.4173061013459557e-05,1.1308262817397185e-06,6.2146495724196185e-09,4.9343994521893e-07,1.5804041373347044e-09,2.040089609734807e-09
480,4.809999999999942,0.10244473518921014,0.0009654661820029887,0.10218109411863867,0.2581716305589229,0.5759002702630132,1.063533904541922,0.266671909083194,0.06666032136005916,1.3968620249288761,0.7307821543769157,0.38763304149190114,0.994810620925453,0.25851041648638784,0.5759182072142721,1.0635335585138819,0.26664832358983404,0.06666142519679852,1.3968620309824473,0.7307816726679448,0.3876330430230155,0.9948106229167024,0.0003387859274649707,1.7936951258968964e-05,3.460280401381057e-07,2.358549335996425e-05,1.1038367393631077e-06,6.0535712495652295e-09,4.817089709671374e-07,1.5311143512054574e-09,1.9912494228859145e-09
481,4.819999999999942,0.10250204758904263,0.0009442011262935752,0.10224666467078478,0.2805441675022868,0.5636293292288983,1.0726613112574768,0.3018818488124077,0.15469454537550997,1.4008926713762464,0.722674016932263,0.3794612233204806,0.9835252330621876,0.28087501239133417,0.5636468383381725,1.0726609732992074,0.30185883616832143,0.15469562288490124,1.4008926772730774,0.7226735466683749,0.3794612248038902,0.9835252350057999,0.00033084488904737126,1.750910927419838e-05,3.3795826929866086e-07,2.3012644086256832e-05,1.0775093912553952e-06,5.896830954710065e-09,4.702638881018919e-07,1.4834096114087881e-09,1.943612275684549e-09
482,4.8299999999999415,0.10255483755195201,0.0009234023084709209,0.10230752820609892,0.26585881354491725,0.5882032291244972,1.0737401283585748,0.2603183419237231,0.07050099865547473,1.4016564086014727,0.7148820679713526,0.3952313439128742,0.9908095777482816,0.26618190772933303,0.5882203209112049,1.0737397982775292,0.2602958877923811,0.07050205048290081,1.40165641434578,0.7148816088738386,0.39523134535011195,0.990809579645429,0.000323094184415808,1.70917867077589e-05,3.300810455329896e-07,2.245413134197224e-05,1.0518274260929517e-06,5.744307240184364e-09,4.590975139734347e-07,1.4372377705601004e-09,1.8971474793465957e-09
483,4.839999999999941,0.10262635159675484,0.0009030595784379655,0.10238674716929436,0.2894578709368575,0.5780302530275303,1.083418341976855,0.2884558127951943,0.1606114076362464,1.4047984387282326,0.7082451259814191,0.3826742127192818,0.9797172269753871,0.28977340005440055,0.5780469377423287,1.083418019585224,0.2884339032116259,0.16061243441072293,1.4047984443241148,0.7082446777785663,0.3826742141118302,0.9797172288272122,0.0003155291175430499,1.668471479841971e-05,3.223916308542432e-07,2.1909583568390195e-05,1.0267744765351878e-06,5.595882184528174e-09,4.4820285284448637e-07,1.3925484250500414e-09,1.8518251600040875e-09
484,4.849999999999941,0.1026815014308505,0.0008831630046214393,0.10244945457710479,0.26671104210055374,0.5860762135846588,1.0749127134769587,0.2706168168009732,0.06792418289246115,1.4047910143359121,0.7162684220790665,0.39087651130688467,0.9971637449639319,0.267019187213009,0.5860925012166263,1.0749123985915503,0.270595438161763,0.06792518522706814,1.4047910197873534,0.7162679845059756,0.3908765126561775,0.9971637467715482,0.0003081451124552747,1.6287631967489087e-05,3.1488540850216666e-07,2.137863921017756e-05,1.0023346069924087e-06,5.451441286784134e-09,4.3757309083844245e-07,1.349292856067774e-09,1.8076162361233815e-09
485,4.859999999999941,0.10275413271830684,0.0008637028693505642,0.10252932152566874,0.2860378024311829,0.5723506896659071,1.0841400546409794,0.29666759316675984,0.15972433763848726,1.4083230690777173,0.7123943992056563,0.38050286495533525,0.9865723432884989,0.2863387401412183,0.5723665899495245,1.0841397470830998,0.29664673222032434,0.159725316130789,1.4083230743885906,0.7123939720040653,0.3805028662627592,0.9865723450529913,0.0003009377100354276,1.5900283617374168e-05,3.0755787969634533e-07,2.0860946435500067e-05,9.784923017450391e-07,5.310873364044061e-09,4.272015910293807e-07,1.3074239726350725e-09,1.7644923965758037e-09
486,4.869999999999941,0.10281191912086331,0.0008446696643305948,0.10259420714323365,0.26446365159467156,0.5819100767517649,1.075669220705474,0.27620723713313616,0.06733851005156817,1.4086359059970612,0.7205417945464309,0.3891981423812766,1.00316410459179,0.264757554159587,0.5819255991737009,1.0756689203008136,0.2761868809702719,0.06733946528402157,1.4086359111711317,0.7205413774645422,0.38919814364817285,1.003164106314216,0.0002939025649154434,1.5522421936062385e-05,3.0040466048075645e-07,2.035616286425302e-05,9.552324534037695e-07,5.174070452147365e-09,4.1708188866974503e-07,1.2668962565820663e-09,1.7224260793411406e-09
487,4.87999999999994,0.102885374033203,0.0008260540862094036,0.10267445727051211,0.28354506116505684,0.5690497569870965,1.08499111846352,0.3072521277679976,0.15774544977924956,1.4118160223123972,0.7153773509358746,0.3789772468991644,0.992898352890999,0.28383209660751163,0.5690649107928039,1.0849908250420413,0.3072322638126934,0.15774638231960125,1.411816027353325,0.715376943728188,0.3789772481268301,0.9928983545723895,0.00028703544245476965,1.5153805707343354e-05,2.9342147865693954e-07,1.9863955304167663e-05,9.325403517004399e-07,5.040927709432e-09,4.072076865517264e-07,1.2276657093982136e-09,1.6813904508250228e-09
488,4.88999999999994,0.10295060251414853,0.0008078470322352471,0.10274636813171824,0.26253261854534204,0.578573950694533,1.0769944211866627,0.2711110308290127,0.07142024370366473,1.4118310286980167,0.7298638227366355,0.3908936133429254,1.0100301006089523,0.26281295076114475,0.5785887448946596,1.0769941345824918,0.27109164682951814,0.07142115410533734,1.41183103360936,0.729863425163785,0.3908936145326152,1.0100301022503118,0.0002803322158026777,1.4794200126595465e-05,2.866041708031791e-07,1.9383999494557747e-05,9.104016725998197e-07,4.911343323442169e-09,3.9757285049844e-07,1.1896898008941096e-09,1.6413593857718125e-09
489,4.89999999999994,0.10303212792347548,0.0007900395960039722,0.10283423763168772,0.2913037432058716,0.5828488048459438,1.0762831600466853,0.31863554773536096,0.15066711412450962,1.421866498952201,0.7213713975643017,0.3768136896381683,0.9944077158017939,0.29157753206891357,0.5828632482225657,1.076282880098006,0.3186166317555035,0.15066800292697735,1.4218665037374194,0.7213710093928967,0.3768136907910957,0.9944077174041013,0.00027378886304194614,1.444337662196662e-05,2.7994867937716084e-07,1.8915979857478147e-05,8.888024677227247e-07,4.785218420499921e-09,3.881714049811508e-07,1.1529274196120185e-09,1.602307447755175e-09
490,4.90999999999994,0.10310963102793543,0.0007726230632938774,0.10291797963942682,0.2723995493584836,0.5989014956491182,1.0772322679937214,0.2726730482382036,0.06757750042170786,1.4259531467233266,0.7160547383611536,0.39125748673311406,1.0050764108128833,0.27266695082289516,0.598915596761799,1.0772319945426716,0.27265458864894754,0.06757836815086193,1.4259531513857837,0.7160543593636248,0.3912574878504529,1.0050764123770932,0.000267401464411566,1.410111268078461e-05,2.7345104989965714e-07,1.8459589256073786e-05,8.677291540712334e-07,4.662456978050856e-09,3.7899752885888794e-07,1.1173388249252529e-09,1.5642098702290916e-09
491,4.9199999999999395,0.1032042828609041,0.0007555889079865222,0.10301860987270652,0.29050472010817513,0.5888020478929911,1.0869683804882908,0.29798366342751287,0.16021947808656398,1.4287254189416274,0.7120584670823394,0.3804757879073392,0.9944676148197678,0.29076588630778133,0.5888158150846721,1.0869681133808626,0.297965648898753,0.16022032525506802,1.4287254234845932,0.7120580970367882,0.38047578899022483,0.9944676163468102,0.00026116619960617616,1.3767191681037842e-05,2.6710742821686463e-07,1.8014528759904677e-05,8.471685040470126e-07,4.542965739696868e-09,3.700455512369149e-07,1.0828856007686144e-09,1.5270425381225441e-09
492,4.929999999999939,0.10328357094652706,0.000738928788071806,0.10310378875463928,0.2658452557025176,0.5957267528332588,1.077743758303805,0.27748463513701355,0.06909456865972703,1.4291363773967007,0.72097354648621,0.39158553865857254,1.0126761353429792,0.2661003350476676,0.5957401942359866,1.077743497389747,0.27746705462959653,0.06909539576736279,1.429136381823355,0.7209731851762626,0.39158553970810317,1.0126761368337611,0.00025507934515002316,1.3441402727770937e-05,2.6091405783908473e-07,1.758050741703897e-05,8.271076357540785e-07,4.426654132831791e-09,3.6130994744060697e-07,1.0495306109437194e-09,1.4907819699616972e-09
493,4.939999999999939,0.10337773600437827,0.0007226345417356401,0.10320358705449761,0.2856736015643909,0.5821973713997332,1.0872850877727023,0.30735178458154727,0.15996755398643767,1.4316573792437601,0.7162267730632975,0.3851198889929356,1.0020780132361005,0.2859227388362342,0.5822104949402274,1.087284832905425,0.30733462733951455,0.15996836152044125,1.4316573835571944,0.7162264202779625,0.38511989001017355,1.0020780146915058,0.000249137271843308,1.3123540494246462e-05,2.548672773535149e-07,1.7157242032712257e-05,8.075340035775428e-07,4.313434188798396e-09,3.5278533510141376e-07,1.017237955945672e-09,1.4554053005038235e-09
494,4.949999999999939,0.10346419746750045,0.000706698183528584,0.10329559970846355,0.26433075089539926,0.5913989129477492,1.0795253338422142,0.2714331620946924,0.07383040497563526,1.4314873721223287,0.7314439199625572,0.3973167912098791,1.019664220287918,0.26457408733767807,0.5914117263528169,1.0795250848786964,0.27141641763773805,0.07383119341102429,1.4314873763255491,0.7314435754960869,0.39731679219585203,1.0196642217088083,0.00024333644227881823,1.2813405067727422e-05,2.4896351790899116e-07,1.674445695435803e-05,7.884353890301966e-07,4.203220465487781e-09,3.44466470351669e-07,9.859729312585384e-10,1.4208902638677673e-09
495,4.959999999999939,0.10356590617778626,0.0006911119006138538,0.10340262369174436,0.2828478508088861,0.5799145320597275,1.0892199201739086,0.3004469818454954,0.16541774358126335,1.433722140119223,0.7274968200898051,0.38747006667035255,1.0105072341818784,0.2830855242173129,0.5799270428615273,1.0892196769746079,0.30043063996163255,0.1654185133811552,1.433722144215153,0.727496483741561,0.3874700676260545,1.0105072355690936,0.00023767340842685268,1.2510801799740054e-05,2.431993007705727e-07,1.6341883862819372e-05,7.697998918589964e-07,4.095929972304848e-09,3.3634824412510417e-07,9.557019870698e-10,1.3872151771461977e-09
496,4.9699999999999385,0.10365379561844522,0.0006758680490931334,0.10349576080492252,0.257842652062083,0.5875183003503973,1.0810414355076639,0.2777069180524906,0.07421402003597431,1.4367310944506417,0.7364072381059054,0.3970137556674858,1.0258375004221914,0.25807479687136947,0.587530515891558,1.081041197936429,0.27769096879092103,0.07421477165189572,1.4367310984421238,0.7364069096802268,0.3970137565938785,1.0258375017765502,0.00023214480928644324,1.2215541160681246e-05,2.3757123494194262e-07,1.594926156955867e-05,7.516159214037832e-07,3.991482097425744e-09,3.2842567856002883e-07,9.263926893547303e-10,1.3543589244852762e-09
497,4.979999999999938,0.10375877429834092,0.000660959150408631,0.10360572023153035,0.28662547002355093,0.5925497848534825,1.0817042217879833,0.3209959134121487,0.1561896021403261,1.4461777872053256,0.7289311012706984,0.3837645446825477,1.010623361789944,0.28685221739215194,0.5925617122920812,1.0817039897119685,0.32098034707632905,0.1561903360125143,1.4461777910951241,0.7289307805767749,0.3837645455805614,1.010623363112245,0.00022674736860100987,1.1927438598638739e-05,2.320760148536426e-07,1.5566335819687e-05,7.33872188200795e-07,3.889798537275784e-09,3.206939235022239e-07,8.980136822841434e-10,1.3223009416179586e-09
498,4.989999999999938,0.10386001929117898,0.0006463778878198864,0.10371186566491647,0.2693419205440939,0.6070955765007001,1.0834185001392516,0.27614538794954596,0.07176065340943885,1.4504758326042682,0.7237761469060802,0.39782182241182185,1.020828462111701,0.2695633984367305,0.6071072228151024,1.0834182734288333,0.27613019509044534,0.07176136996713467,1.4504758363950714,0.7237758337578271,0.3978218232823565,1.0208284634027223,0.00022147789263658073,1.1646314402296454e-05,2.2671041811523518e-07,1.5192859100640514e-05,7.165576958237381e-07,3.790803228158459e-09,3.131482531046713e-07,8.705346519101228e-10,1.2910212008374332e-09
499,4.999999999999938,0.1039743679224508,0.0006321171029538173,0.10383090392440272,0.287328188347907,0.5972987433932223,1.0940097084915335,0.30870585647938265,0.16210585183015527,1.451421499447351,0.7171292442263915,0.3863803523146027,1.0124573660378386,0.2875445216159278,0.5973101153867901,1.0940094870202302,0.30869102788892633,0.16210655149188824,1.4514215031417734,0.717128938442329,0.38638035315852903,1.0124573672983388,0.0002163332680208052,1.1371993567801668e-05,2.214713033295347e-07,1.4828590456336627e-05,6.996617329554626e-07,3.6944222799683545e-09,3.057840625213518e-07,8.439262910859431e-10,1.2605001963976576e-09
